2022-03-25 00:00:00 ;0.00;206.00;-2.01;91.53;1001.05;0;0.00;0.00;0.00;0.02;0.00;0.00;0.00;0.00;0.00;0.00;0.00;0.00;0.00;0.00;0.00;0.00;0.00;0.00
2022-03-25 00:01:00 ;0.00;206.00;-2.01;91.60;1001.10;0;0.00;0.00;0.00;0.02;0.00;0.00;0.00;0.00;0.00;0.00;0.00;0.00;0.00;0.00;0.00;0.00;0.00;0.00
2022-03-25 00:02:00 ;0.00;206.00;-2.06;91.49;1000.97;0;0.00;0.00;0.00;0.02;0.00;0.00;0.00;0.00;0.00;0.00;0.00;0.00;0.00;0.00;0.00;0.00;0.00;0.00
2022-03-25 00:03:00 ;0.00;206.00;-2.05;91.51;1001.07;0;0.00;0.00;0.00;0.02;0.00;0.00;0.00;0.00;0.00;0.00;0.00;0.00;0.00;0.00;0.00;0.00;0.00;0.00
2022-03-25 00:04:00 ;0.00;206.00;-2.11;91.54;1001.12;0;0.00;0.00;0.00;0.02;0.00;0.00;0.00;0.00;0.00;0.00;0.00;0.00;0.00;0.00;0.00;0.00;0.00;0.00
2022-03-25 00:05:00 ;0.00;206.00;-2.08;91.53;1001.09;0;0.00;0.00;0.00;0.02;0.00;0.00;0.00;0.00;0.00;0.00;0.00;0.00;0.00;0.00;0.00;0.00;0.00;0.00
2022-03-25 00:06:00 ;0.00;206.00;-2.16;91.37;1001.09;0;0.00;0.00;0.00;0.02;0.00;0.00;0.00;0.00;0.00;0.00;0.00;0.00;0.00;0.00;0.00;0.00;0.00;0.00
2022-03-25 00:07:00 ;0.00;206.00;-2.26;91.39;1001.10;0;0.00;0.00;0.00;0.02;0.00;0.00;0.00;0.00;0.00;0.00;0.00;0.00;0.00;0.00;0.00;0.00;0.00;0.00
2022-03-25 00:08:00 ;0.00;206.00;-2.28;91.40;1001.06;0;0.00;0.00;0.00;0.02;0.00;0.00;0.00;0.00;0.00;0.00;0.00;0.00;0.00;0.00;0.00;0.00;0.00;0.00
2022-03-25 00:09:00 ;0.00;206.00;-2.32;91.29;1001.10;0;0.00;0.00;0.00;0.02;0.00;0.00;0.00;0.00;0.00;0.00;0.00;0.00;0.00;0.00;0.00;0.00;0.00;0.00
2022-03-25 00:10:01 ;0.00;206.00;-2.33;91.43;1001.10;0;0.00;0.00;0.00;0.02;0.00;0.00;0.00;0.00;0.00;0.00;0.00;0.00;0.00;0.00;0.00;0.00;0.00;0.00
2022-03-25 00:11:00 ;0.00;206.00;-2.21;91.48;1001.02;0;0.00;0.00;0.00;0.02;0.00;0.00;0.00;0.00;0.00;0.00;0.00;0.00;0.00;0.00;0.00;0.00;0.00;0.00
2022-03-25 00:12:00 ;0.00;206.00;-2.22;91.51;1001.06;0;0.00;0.00;0.00;0.02;0.00;0.00;0.00;0.00;0.00;0.00;0.00;0.00;0.00;0.00;0.00;0.00;0.00;0.00
2022-03-25 00:13:00 ;0.00;206.00;-2.28;91.51;1001.08;0;0.00;0.00;0.00;0.02;0.00;0.00;0.00;0.00;0.00;0.00;0.00;0.00;0.00;0.00;0.00;0.00;0.00;0.00
2022-03-25 00:14:00 ;0.00;206.00;-2.18;91.70;1001.03;0;0.00;0.00;0.00;0.02;0.00;0.00;0.00;0.00;0.00;0.00;0.00;0.00;0.00;0.00;0.00;0.00;0.00;0.00
2022-03-25 00:15:00 ;0.00;206.00;-2.19;91.82;1001.00;0;0.00;0.00;0.00;0.02;0.00;0.00;0.00;0.00;0.00;0.00;0.00;0.00;0.00;0.00;0.00;0.00;0.00;0.00
2022-03-25 00:16:00 ;0.00;206.00;-2.13;91.98;1000.99;0;0.00;0.00;0.00;0.02;0.00;0.00;0.00;0.00;0.00;0.00;0.00;0.00;0.00;0.00;0.00;0.00;0.00;0.00
2022-03-25 00:17:01 ;0.00;206.00;-2.25;91.95;1000.99;0;0.00;0.00;0.00;0.02;0.00;0.00;0.00;0.00;0.00;0.00;0.00;0.00;0.00;0.00;0.00;0.00;0.00;0.00
2022-03-25 00:18:00 ;0.00;206.00;-2.11;91.91;1001.06;0;0.00;0.00;0.00;0.02;0.00;0.00;0.00;0.00;0.00;0.00;0.00;0.00;0.00;0.00;0.00;0.00;0.00;0.00
2022-03-25 00:19:01 ;0.00;206.00;-2.26;91.99;1001.06;0;0.00;0.00;0.00;0.02;0.00;0.00;0.00;0.00;0.00;0.00;0.00;0.00;0.00;0.00;0.00;0.00;0.00;0.00
2022-03-25 00:20:00 ;0.00;206.00;-2.18;92.04;1001.01;0;0.00;0.00;0.00;0.02;0.00;0.00;0.00;0.00;0.00;0.00;0.00;0.00;0.00;0.00;0.00;0.00;0.00;0.00
2022-03-25 00:21:00 ;0.00;206.00;-2.16;91.93;1000.95;0;0.00;0.00;0.00;0.02;0.00;0.00;0.00;0.00;0.00;0.00;0.00;0.00;0.00;0.00;0.00;0.00;0.00;0.00
2022-03-25 00:22:00 ;0.00;206.00;-2.06;92.00;1000.98;0;0.00;0.00;0.00;0.02;0.00;0.00;0.00;0.00;0.00;0.00;0.00;0.00;0.00;0.00;0.00;0.00;0.00;0.00
2022-03-25 00:23:00 ;0.00;206.00;-2.18;92.10;1000.99;0;0.00;0.00;0.00;0.02;0.00;0.00;0.00;0.00;0.00;0.00;0.00;0.00;0.00;0.00;0.00;0.00;0.00;0.00
2022-03-25 00:24:00 ;0.00;206.00;-2.15;92.18;1001.05;0;0.00;0.00;0.00;0.02;0.00;0.00;0.00;0.00;0.00;0.00;0.00;0.00;0.00;0.00;0.00;0.00;0.00;0.00
2022-03-25 00:25:00 ;0.00;206.00;-2.19;92.20;1000.99;0;0.00;0.00;0.00;0.02;0.00;0.00;0.00;0.00;0.00;0.00;0.00;0.00;0.00;0.00;0.00;0.00;0.00;0.00
2022-03-25 00:26:00 ;0.00;206.00;-2.18;92.26;1000.93;0;0.00;0.00;0.00;0.02;0.00;0.00;0.00;0.00;0.00;0.00;0.00;0.00;0.00;0.00;0.00;0.00;0.00;0.00
2022-03-25 00:27:01 ;0.00;206.00;-2.16;92.21;1000.84;0;0.00;0.00;0.00;0.02;0.00;0.00;0.00;0.00;0.00;0.00;0.00;0.00;0.00;0.00;0.00;0.00;0.00;0.00
2022-03-25 00:28:00 ;0.00;206.00;-2.21;92.21;1001.05;0;0.00;0.00;0.00;0.02;0.00;0.00;0.00;0.00;0.00;0.00;0.00;0.00;0.00;0.00;0.00;0.00;0.00;0.00
2022-03-25 00:29:00 ;0.00;206.00;-2.23;92.23;1000.91;0;0.00;0.00;0.00;0.02;0.00;0.00;0.00;0.00;0.00;0.00;0.00;0.00;0.00;0.00;0.00;0.00;0.00;0.00
2022-03-25 00:30:00 ;0.00;206.00;-2.18;92.21;1000.91;0;0.00;0.00;0.00;0.02;0.00;0.00;0.00;0.00;0.00;0.00;0.00;0.00;0.00;0.00;0.00;0.00;0.00;0.00
2022-03-25 00:31:00 ;0.00;206.00;-2.30;92.22;1000.91;0;0.00;0.00;0.00;0.02;0.00;0.00;0.00;0.00;0.00;0.00;0.00;0.00;0.00;0.00;0.00;0.00;0.00;0.00
2022-03-25 00:32:00 ;0.00;206.00;-2.23;92.20;1000.99;0;0.00;0.00;0.00;0.03;0.00;0.00;0.00;0.00;0.00;0.00;0.00;0.00;0.00;0.00;0.00;0.00;0.00;0.00
2022-03-25 00:33:00 ;0.00;206.00;-2.16;92.38;1000.91;0;0.00;0.00;0.00;0.03;0.00;0.00;0.00;0.00;0.00;0.00;0.00;0.00;0.00;0.00;0.00;0.00;0.00;0.00
2022-03-25 00:34:00 ;0.00;206.00;-2.13;92.53;1000.92;0;0.00;0.00;0.00;0.03;0.00;0.00;0.00;0.00;0.00;0.00;0.00;0.00;0.00;0.00;0.00;0.00;0.00;0.00
2022-03-25 00:35:00 ;0.00;206.00;-2.32;92.46;1000.89;0;0.00;0.00;0.00;0.03;0.00;0.00;0.00;0.00;0.00;0.00;0.00;0.00;0.00;0.00;0.00;0.00;0.00;0.00
2022-03-25 00:36:00 ;0.00;206.00;-2.26;92.45;1000.89;0;0.00;0.00;0.00;0.03;0.00;0.00;0.00;0.00;0.00;0.00;0.00;0.00;0.00;0.00;0.00;0.00;0.00;0.00
2022-03-25 00:37:00 ;0.00;206.00;-2.23;92.53;1000.90;0;0.00;0.00;0.00;0.03;0.00;0.00;0.00;0.00;0.00;0.00;0.00;0.00;0.00;0.00;0.00;0.00;0.00;0.00
2022-03-25 00:38:00 ;0.00;206.00;-2.29;92.51;1000.92;0;0.00;0.00;0.00;0.03;0.00;0.00;0.00;0.00;0.00;0.00;0.00;0.00;0.00;0.00;0.00;0.00;0.00;0.00
2022-03-25 00:39:00 ;0.00;206.00;-2.29;92.47;1000.98;0;0.00;0.00;0.00;0.03;0.00;0.00;0.00;0.00;0.00;0.00;0.00;0.00;0.00;0.00;0.00;0.00;0.00;0.00
2022-03-25 00:40:00 ;0.00;206.00;-2.30;92.57;1000.95;0;0.00;0.00;0.00;0.03;0.00;0.00;0.00;0.00;0.00;0.00;0.00;0.00;0.00;0.00;0.00;0.00;0.00;0.00
2022-03-25 00:41:00 ;0.00;206.00;-2.30;92.57;1000.91;0;0.00;0.00;0.00;0.03;0.00;0.00;0.00;0.00;0.00;0.00;0.00;0.00;0.00;0.00;0.00;0.00;0.00;0.00
2022-03-25 00:42:00 ;0.00;206.00;-2.33;92.62;1000.93;0;0.00;0.00;0.00;0.03;0.00;0.00;0.00;0.00;0.00;0.00;0.00;0.00;0.00;0.00;0.00;0.00;0.00;0.00
2022-03-25 00:43:00 ;0.00;206.00;-2.30;92.54;1000.86;0;0.00;0.00;0.00;0.03;0.00;0.00;0.00;0.00;0.00;0.00;0.00;0.00;0.00;0.00;0.00;0.00;0.00;0.00
2022-03-25 00:44:00 ;0.00;206.00;-2.29;92.58;1000.91;0;0.00;0.00;0.00;0.03;0.00;0.00;0.00;0.00;0.00;0.00;0.00;0.00;0.00;0.00;0.00;0.00;0.00;0.00
2022-03-25 00:45:00 ;0.00;206.00;-2.23;92.62;1000.90;0;0.00;0.00;0.00;0.03;0.00;0.00;0.00;0.00;0.00;0.00;0.00;0.00;0.00;0.00;0.00;0.00;0.00;0.00
2022-03-25 00:46:00 ;0.00;206.00;-2.35;92.71;1000.86;0;0.00;0.00;0.00;0.03;0.00;0.00;0.00;0.00;0.00;0.00;0.00;0.00;0.00;0.00;0.00;0.00;0.00;0.00
2022-03-25 00:47:00 ;0.00;206.00;-2.35;92.70;1000.85;0;0.00;0.00;0.00;0.03;0.00;0.00;0.00;0.00;0.00;0.00;0.00;0.00;0.00;0.00;0.00;0.00;0.00;0.00
2022-03-25 00:48:00 ;0.00;206.00;-2.30;92.74;1000.89;0;0.00;0.00;0.00;0.03;0.00;0.00;0.00;0.00;0.00;0.00;0.00;0.00;0.00;0.00;0.00;0.00;0.00;0.00
2022-03-25 00:49:00 ;0.00;206.00;-2.30;92.72;1000.84;0;0.00;0.00;0.00;0.03;0.00;0.00;0.00;0.00;0.00;0.00;0.00;0.00;0.00;0.00;0.00;0.00;0.00;0.00
2022-03-25 00:50:00 ;0.00;206.00;-2.33;92.71;1000.86;0;0.00;0.00;0.00;0.03;0.00;0.00;0.00;0.00;0.00;0.00;0.00;0.00;0.00;0.00;0.00;0.00;0.00;0.00
2022-03-25 00:51:00 ;0.00;206.00;-2.38;92.84;1000.86;0;0.00;0.00;0.00;0.03;0.00;0.00;0.00;0.00;0.00;0.00;0.00;0.00;0.00;0.00;0.00;0.00;0.00;0.00
2022-03-25 00:52:00 ;0.00;206.00;-2.36;92.81;1000.90;0;0.00;0.00;0.00;0.03;0.00;0.00;0.00;0.00;0.00;0.00;0.00;0.00;0.00;0.00;0.00;0.00;0.00;0.00
2022-03-25 00:53:00 ;0.00;206.00;-2.32;93.00;1000.87;0;0.00;0.00;0.00;0.03;0.00;0.00;0.00;0.00;0.00;0.00;0.00;0.00;0.00;0.00;0.00;0.00;0.00;0.00
2022-03-25 00:54:00 ;0.00;206.00;-2.36;92.82;1000.91;0;0.00;0.00;0.00;0.03;0.00;0.00;0.00;0.00;0.00;0.00;0.00;0.00;0.00;0.00;0.00;0.00;0.00;0.00
2022-03-25 00:55:01 ;0.00;206.00;-2.25;92.92;1000.96;0;0.00;0.00;0.00;0.03;0.00;0.00;0.00;0.00;0.00;0.00;0.00;0.00;0.00;0.00;0.00;0.00;0.00;0.00
2022-03-25 00:56:00 ;0.00;206.00;-2.35;92.91;1000.96;0;0.00;0.00;0.00;0.03;0.00;0.00;0.00;0.00;0.00;0.00;0.00;0.00;0.00;0.00;0.00;0.00;0.00;0.00
2022-03-25 00:57:01 ;0.00;206.00;-2.40;92.95;1000.97;0;0.00;0.00;0.00;0.03;0.00;0.00;0.00;0.00;0.00;0.00;0.00;0.00;0.00;0.00;0.00;0.00;0.00;0.00
2022-03-25 00:58:00 ;0.00;206.00;-2.21;93.00;1000.91;0;0.00;0.00;0.00;0.03;0.00;0.00;0.00;0.00;0.00;0.00;0.00;0.00;0.00;0.00;0.00;0.00;0.00;0.00
2022-03-25 00:59:00 ;0.00;206.00;-2.42;92.90;1000.88;0;0.00;0.00;0.00;0.03;0.00;0.00;0.00;0.00;0.00;0.00;0.00;0.00;0.00;0.00;0.00;0.00;0.00;0.00
2022-03-25 01:00:00 ;0.00;206.00;-2.47;92.90;1000.95;0;0.00;0.00;0.00;0.03;0.00;0.00;0.00;0.00;0.00;0.00;0.00;0.00;0.00;0.00;0.00;0.00;0.00;0.00
2022-03-25 01:01:00 ;0.00;206.00;-2.38;92.97;1000.99;0;0.00;0.00;0.00;0.03;0.00;0.00;0.00;0.00;0.00;0.00;0.00;0.00;0.00;0.00;0.00;0.00;0.00;0.00
2022-03-25 01:02:00 ;0.00;206.00;-2.40;93.01;1000.77;0;0.00;0.00;0.00;0.03;0.00;0.00;0.00;0.00;0.00;0.00;0.00;0.00;0.00;0.00;0.00;0.00;0.00;0.00
2022-03-25 01:03:00 ;0.00;206.00;-2.38;93.05;1000.90;0;0.00;0.00;0.00;0.03;0.00;0.00;0.00;0.00;0.00;0.00;0.00;0.00;0.00;0.00;0.00;0.00;0.00;0.00
2022-03-25 01:04:00 ;0.00;206.00;-2.38;93.12;1000.92;0;0.00;0.00;0.00;0.03;0.00;0.00;0.00;0.00;0.00;0.00;0.00;0.00;0.00;0.00;0.00;0.00;0.00;0.00
2022-03-25 01:05:00 ;0.00;206.00;-2.40;93.16;1000.87;0;0.00;0.00;0.00;0.03;0.00;0.00;0.00;0.00;0.00;0.00;0.00;0.00;0.00;0.00;0.00;0.00;0.00;0.00
2022-03-25 01:06:00 ;0.00;206.00;-2.32;93.12;1000.88;0;0.00;0.00;0.00;0.03;0.00;0.00;0.00;0.00;0.00;0.00;0.00;0.00;0.00;0.00;0.00;0.00;0.00;0.00
2022-03-25 01:07:00 ;0.00;206.00;-2.52;93.03;1000.86;0;0.00;0.00;0.00;0.03;0.00;0.00;0.00;0.00;0.00;0.00;0.00;0.00;0.00;0.00;0.00;0.00;0.00;0.00
2022-03-25 01:08:00 ;0.00;206.00;-2.45;93.07;1000.89;0;0.00;0.00;0.00;0.03;0.00;0.00;0.00;0.00;0.00;0.00;0.00;0.00;0.00;0.00;0.00;0.00;0.00;0.00
2022-03-25 01:09:00 ;0.00;206.00;-2.46;93.15;1000.88;0;0.00;0.00;0.00;0.03;0.00;0.00;0.00;0.00;0.00;0.00;0.00;0.00;0.00;0.00;0.00;0.00;0.00;0.00
2022-03-25 01:10:00 ;0.00;206.00;-2.49;93.17;1000.96;0;0.00;0.00;0.00;0.03;0.00;0.00;0.00;0.00;0.00;0.00;0.00;0.00;0.00;0.00;0.00;0.00;0.00;0.00
2022-03-25 01:11:00 ;0.00;206.00;-2.47;93.08;1000.92;0;0.00;0.00;0.00;0.03;0.00;0.00;0.00;0.00;0.00;0.00;0.00;0.00;0.00;0.00;0.00;0.00;0.00;0.00
2022-03-25 01:12:00 ;0.00;206.00;-2.56;93.07;1000.95;0;0.00;0.00;0.00;0.03;0.00;0.00;0.00;0.00;0.00;0.00;0.00;0.00;0.00;0.00;0.00;0.00;0.00;0.00
2022-03-25 01:13:00 ;0.00;206.00;-2.54;93.13;1000.94;0;0.00;0.00;0.00;0.03;0.00;0.00;0.00;0.00;0.00;0.00;0.00;0.00;0.00;0.00;0.00;0.00;0.00;0.00
2022-03-25 01:14:00 ;0.00;206.00;-2.47;93.13;1000.98;0;0.00;0.00;0.00;0.03;0.00;0.00;0.00;0.00;0.00;0.00;0.00;0.00;0.00;0.00;0.00;0.00;0.00;0.00
2022-03-25 01:15:00 ;0.00;206.00;-2.53;93.17;1001.01;0;0.00;0.00;0.00;0.03;0.00;0.00;0.00;0.00;0.00;0.00;0.00;0.00;0.00;0.00;0.00;0.00;0.00;0.00
2022-03-25 01:16:00 ;0.00;206.00;-2.54;93.19;1000.94;0;0.00;0.00;0.00;0.03;0.00;0.00;0.00;0.00;0.00;0.00;0.00;0.00;0.00;0.00;0.00;0.00;0.00;0.00
2022-03-25 01:17:00 ;0.00;206.00;-2.43;93.28;1000.97;0;0.00;0.00;0.00;0.03;0.00;0.00;0.00;0.00;0.00;0.00;0.00;0.00;0.00;0.00;0.00;0.00;0.00;0.00
2022-03-25 01:18:00 ;0.00;206.00;-2.47;93.21;1000.92;0;0.00;0.00;0.00;0.03;0.00;0.00;0.00;0.00;0.00;0.00;0.00;0.00;0.00;0.00;0.00;0.00;0.00;0.00
2022-03-25 01:19:00 ;0.00;206.00;-2.54;93.18;1001.08;0;0.00;0.00;0.00;0.03;0.00;0.00;0.00;0.00;0.00;0.00;0.00;0.00;0.00;0.00;0.00;0.00;0.00;0.00
2022-03-25 01:20:00 ;0.00;206.00;-2.58;93.22;1000.96;0;0.00;0.00;0.00;0.03;0.00;0.00;0.00;0.00;0.00;0.00;0.00;0.00;0.00;0.00;0.00;0.00;0.00;0.00
2022-03-25 01:21:00 ;0.00;206.00;-2.46;93.20;1000.91;0;0.00;0.00;0.00;0.03;0.00;0.00;0.00;0.00;0.00;0.00;0.00;0.00;0.00;0.00;0.00;0.00;0.00;0.00
2022-03-25 01:22:01 ;0.00;206.00;-2.63;93.19;1000.93;0;0.00;0.00;0.00;0.03;0.00;0.00;0.00;0.00;0.00;0.00;0.00;0.00;0.00;0.00;0.00;0.00;0.00;0.00
2022-03-25 01:23:00 ;0.00;206.00;-2.54;93.18;1000.91;0;0.00;0.00;0.00;0.03;0.00;0.00;0.00;0.00;0.00;0.00;0.00;0.00;0.00;0.00;0.00;0.00;0.00;0.00
2022-03-25 01:24:00 ;0.00;206.00;-2.58;93.23;1000.96;0;0.00;0.00;0.00;0.03;0.00;0.00;0.00;0.00;0.00;0.00;0.00;0.00;0.00;0.00;0.00;0.00;0.00;0.00
2022-03-25 01:25:00 ;0.00;206.00;-2.58;93.20;1000.96;0;0.00;0.00;0.00;0.03;0.00;0.00;0.00;0.00;0.00;0.00;0.00;0.00;0.00;0.00;0.00;0.00;0.00;0.00
2022-03-25 01:26:00 ;0.00;206.00;-2.57;93.22;1001.01;0;0.00;0.00;0.00;0.03;0.00;0.00;0.00;0.00;0.00;0.00;0.00;0.00;0.00;0.00;0.00;0.00;0.00;0.00
2022-03-25 01:27:00 ;0.00;206.00;-2.52;93.22;1000.96;0;0.00;0.00;0.00;0.03;0.00;0.00;0.00;0.00;0.00;0.00;0.00;0.00;0.00;0.00;0.00;0.00;0.00;0.00
2022-03-25 01:28:00 ;0.00;206.00;-2.61;93.28;1000.97;0;0.00;0.00;0.00;0.03;0.00;0.00;0.00;0.00;0.00;0.00;0.00;0.00;0.00;0.00;0.00;0.00;0.00;0.00
2022-03-25 01:29:00 ;0.00;206.00;-2.56;93.30;1000.91;0;0.00;0.00;0.00;0.03;0.00;0.00;0.00;0.00;0.00;0.00;0.00;0.00;0.00;0.00;0.00;0.00;0.00;0.00
2022-03-25 01:30:00 ;0.00;206.00;-2.63;93.29;1000.85;0;0.00;0.00;0.00;0.03;0.00;0.00;0.00;0.00;0.00;0.00;0.00;0.00;0.00;0.00;0.00;0.00;0.00;0.00
2022-03-25 01:31:00 ;0.00;206.00;-2.54;93.26;1000.94;0;0.00;0.00;0.00;0.03;0.00;0.00;0.00;0.00;0.00;0.00;0.00;0.00;0.00;0.00;0.00;0.00;0.00;0.00
2022-03-25 01:32:00 ;0.00;206.00;-2.60;93.32;1000.87;0;0.00;0.00;0.00;0.03;0.00;0.00;0.00;0.00;0.00;0.00;0.00;0.00;0.00;0.00;0.00;0.00;0.00;0.00
2022-03-25 01:33:00 ;0.00;206.00;-2.71;93.26;1000.90;0;0.00;0.00;0.00;0.03;0.00;0.00;0.00;0.00;0.00;0.00;0.00;0.00;0.00;0.00;0.00;0.00;0.00;0.00
2022-03-25 01:34:00 ;0.00;206.00;-2.58;93.25;1000.82;0;0.00;0.00;0.00;0.03;0.00;0.00;0.00;0.00;0.00;0.00;0.00;0.00;0.00;0.00;0.00;0.00;0.00;0.00
2022-03-25 01:35:01 ;0.00;206.00;-2.57;93.36;1000.94;0;0.00;0.00;0.00;0.03;0.00;0.00;0.00;0.00;0.00;0.00;0.00;0.00;0.00;0.00;0.00;0.00;0.00;0.00
2022-03-25 01:36:00 ;0.00;206.00;-2.52;93.37;1000.97;0;0.00;0.00;0.00;0.03;0.00;0.00;0.00;0.00;0.00;0.00;0.00;0.00;0.00;0.00;0.00;0.00;0.00;0.00
2022-03-25 01:37:01 ;0.00;206.00;-2.56;93.36;1000.94;0;0.00;0.00;0.00;0.03;0.00;0.00;0.00;0.00;0.00;0.00;0.00;0.00;0.00;0.00;0.00;0.00;0.00;0.00
2022-03-25 01:38:00 ;0.00;206.00;-2.57;93.40;1000.95;0;0.00;0.00;0.00;0.03;0.00;0.00;0.00;0.00;0.00;0.00;0.00;0.00;0.00;0.00;0.00;0.00;0.00;0.00
2022-03-25 01:39:00 ;0.00;206.00;-2.60;93.41;1000.81;0;0.00;0.00;0.00;0.03;0.00;0.00;0.00;0.00;0.00;0.00;0.00;0.00;0.00;0.00;0.00;0.00;0.00;0.00
2022-03-25 01:40:00 ;0.00;206.00;-2.53;93.43;1001.00;0;0.00;0.00;0.00;0.03;0.00;0.00;0.00;0.00;0.00;0.00;0.00;0.00;0.00;0.00;0.00;0.00;0.00;0.00
2022-03-25 01:41:00 ;0.00;206.00;-2.61;93.43;1001.01;0;0.00;0.00;0.00;0.03;0.00;0.00;0.00;0.00;0.00;0.00;0.00;0.00;0.00;0.00;0.00;0.00;0.00;0.00
2022-03-25 01:42:00 ;0.00;206.00;-2.60;93.47;1000.98;0;0.00;0.00;0.00;0.03;0.00;0.00;0.00;0.00;0.00;0.00;0.00;0.00;0.00;0.00;0.00;0.00;0.00;0.00
2022-03-25 01:43:00 ;0.00;206.00;-2.60;93.47;1001.01;0;0.00;0.00;0.00;0.03;0.00;0.00;0.00;0.00;0.00;0.00;0.00;0.00;0.00;0.00;0.00;0.00;0.00;0.00
2022-03-25 01:44:00 ;0.00;206.00;-2.63;93.46;1001.00;0;0.00;0.00;0.00;0.03;0.00;0.00;0.00;0.00;0.00;0.00;0.00;0.00;0.00;0.00;0.00;0.00;0.00;0.00
2022-03-25 01:45:00 ;0.00;206.00;-2.68;93.49;1001.01;0;0.00;0.00;0.00;0.03;0.00;0.00;0.00;0.00;0.00;0.00;0.00;0.00;0.00;0.00;0.00;0.00;0.00;0.00
2022-03-25 01:46:00 ;0.00;206.00;-2.57;93.55;1000.93;0;0.00;0.00;0.00;0.03;0.00;0.00;0.00;0.00;0.00;0.00;0.00;0.00;0.00;0.00;0.00;0.00;0.00;0.00
2022-03-25 01:47:00 ;0.00;206.00;-2.58;93.55;1001.01;0;0.00;0.00;0.00;0.03;0.00;0.00;0.00;0.00;0.00;0.00;0.00;0.00;0.00;0.00;0.00;0.00;0.00;0.00
2022-03-25 01:48:00 ;0.00;206.00;-2.57;93.57;1000.93;0;0.00;0.00;0.00;0.04;0.00;0.00;0.00;0.00;0.00;0.00;0.00;0.00;0.00;0.00;0.00;0.00;0.00;0.00
2022-03-25 01:49:00 ;0.00;206.00;-2.66;93.57;1000.98;0;0.00;0.00;0.00;0.04;0.00;0.00;0.00;0.00;0.00;0.00;0.00;0.00;0.00;0.00;0.00;0.00;0.00;0.00
2022-03-25 01:50:01 ;0.00;206.00;-2.67;93.42;1001.00;0;0.00;0.00;0.00;0.04;0.00;0.00;0.00;0.00;0.00;0.00;0.00;0.00;0.00;0.00;0.00;0.00;0.00;0.00
2022-03-25 01:51:00 ;0.00;206.00;-2.67;93.56;1001.01;0;0.00;0.00;0.00;0.04;0.00;0.00;0.00;0.00;0.00;0.00;0.00;0.00;0.00;0.00;0.00;0.00;0.00;0.00
2022-03-25 01:52:00 ;0.00;206.00;-2.66;93.45;1000.96;0;0.00;0.00;0.00;0.04;0.00;0.00;0.00;0.00;0.00;0.00;0.00;0.00;0.00;0.00;0.00;0.00;0.00;0.00
2022-03-25 01:53:00 ;0.00;206.00;-2.61;93.55;1000.91;0;0.00;0.00;0.00;0.04;0.00;0.00;0.00;0.00;0.00;0.00;0.00;0.00;0.00;0.00;0.00;0.00;0.00;0.00
2022-03-25 01:54:00 ;0.00;206.00;-2.63;93.43;1000.99;0;0.00;0.00;0.00;0.04;0.00;0.00;0.00;0.00;0.00;0.00;0.00;0.00;0.00;0.00;0.00;0.00;0.00;0.00
2022-03-25 01:55:00 ;0.00;206.00;-2.74;93.50;1001.03;0;0.00;0.00;0.00;0.04;0.00;0.00;0.00;0.00;0.00;0.00;0.00;0.00;0.00;0.00;0.00;0.00;0.00;0.00
2022-03-25 01:56:00 ;0.00;206.00;-2.78;93.38;1001.01;0;0.00;0.00;0.00;0.04;0.00;0.00;0.00;0.00;0.00;0.00;0.00;0.00;0.00;0.00;0.00;0.00;0.00;0.00
2022-03-25 01:57:00 ;0.00;206.00;-2.70;93.38;1000.96;0;0.00;0.00;0.00;0.04;0.00;0.00;0.00;0.00;0.00;0.00;0.00;0.00;0.00;0.00;0.00;0.00;0.00;0.00
2022-03-25 01:58:00 ;0.00;206.00;-2.75;93.42;1001.04;0;0.00;0.00;0.00;0.04;0.00;0.00;0.00;0.00;0.00;0.00;0.00;0.00;0.00;0.00;0.00;0.00;0.00;0.00
2022-03-25 01:59:00 ;0.00;206.00;-2.75;93.50;1000.97;0;0.00;0.00;0.00;0.04;0.00;0.00;0.00;0.00;0.00;0.00;0.00;0.00;0.00;0.00;0.00;0.00;0.00;0.00
2022-03-25 02:00:00 ;0.00;206.00;-2.68;93.45;1001.06;0;0.00;0.00;0.00;0.04;0.00;0.00;0.00;0.00;0.00;0.00;0.00;0.00;0.00;0.00;0.00;0.00;0.00;0.00
2022-03-25 02:01:00 ;0.00;206.00;-2.80;93.58;1001.05;0;0.00;0.00;0.00;0.04;0.00;0.00;0.00;0.00;0.00;0.00;0.00;0.00;0.00;0.00;0.00;0.00;0.00;0.00
2022-03-25 02:02:00 ;0.00;206.00;-2.70;93.71;1001.01;0;0.00;0.00;0.00;0.04;0.00;0.00;0.00;0.00;0.00;0.00;0.00;0.00;0.00;0.00;0.00;0.00;0.00;0.00
2022-03-25 02:03:00 ;0.00;206.00;-2.60;93.54;1000.99;0;0.00;0.00;0.00;0.04;0.00;0.00;0.00;0.00;0.00;0.00;0.00;0.00;0.00;0.00;0.00;0.00;0.00;0.00
2022-03-25 02:04:00 ;0.00;206.00;-2.67;93.60;1000.96;0;0.00;0.00;0.00;0.04;0.00;0.00;0.00;0.00;0.00;0.00;0.00;0.00;0.00;0.00;0.00;0.00;0.00;0.00
2022-03-25 02:05:00 ;0.00;206.00;-2.67;93.55;1000.86;0;0.00;0.00;0.00;0.04;0.00;0.00;0.00;0.00;0.00;0.00;0.00;0.00;0.00;0.00;0.00;0.00;0.00;0.00
2022-03-25 02:06:00 ;0.00;206.00;-2.74;93.58;1001.01;0;0.00;0.00;0.00;0.04;0.00;0.00;0.00;0.00;0.00;0.00;0.00;0.00;0.00;0.00;0.00;0.00;0.00;0.00
2022-03-25 02:07:00 ;0.00;206.00;-2.73;93.62;1000.99;0;0.00;0.00;0.00;0.04;0.00;0.00;0.00;0.00;0.00;0.00;0.00;0.00;0.00;0.00;0.00;0.00;0.00;0.00
2022-03-25 02:08:00 ;0.00;206.00;-2.67;93.67;1000.95;0;0.00;0.00;0.00;0.04;0.00;0.00;0.00;0.00;0.00;0.00;0.00;0.00;0.00;0.00;0.00;0.00;0.00;0.00
2022-03-25 02:09:00 ;0.00;206.00;-2.74;93.65;1000.97;0;0.00;0.00;0.00;0.04;0.00;0.00;0.00;0.00;0.00;0.00;0.00;0.00;0.00;0.00;0.00;0.00;0.00;0.00
2022-03-25 02:10:00 ;0.00;206.00;-2.70;93.67;1000.97;0;0.00;0.00;0.00;0.04;0.00;0.00;0.00;0.00;0.00;0.00;0.00;0.00;0.00;0.00;0.00;0.00;0.00;0.00
2022-03-25 02:11:01 ;0.00;206.00;-2.71;93.70;1001.00;0;0.00;0.00;0.00;0.04;0.00;0.00;0.00;0.00;0.00;0.00;0.00;0.00;0.00;0.00;0.00;0.00;0.00;0.00
2022-03-25 02:12:00 ;0.00;206.00;-2.81;93.66;1000.94;0;0.00;0.00;0.00;0.04;0.00;0.00;0.00;0.00;0.00;0.00;0.00;0.00;0.00;0.00;0.00;0.00;0.00;0.00
2022-03-25 02:13:01 ;0.00;206.00;-2.71;93.68;1000.89;0;0.00;0.00;0.00;0.04;0.00;0.00;0.00;0.00;0.00;0.00;0.00;0.00;0.00;0.00;0.00;0.00;0.00;0.00
2022-03-25 02:14:00 ;0.00;206.00;-2.75;93.64;1000.84;0;0.00;0.00;0.00;0.04;0.00;0.00;0.00;0.00;0.00;0.00;0.00;0.00;0.00;0.00;0.00;0.00;0.00;0.00
2022-03-25 02:15:00 ;0.00;206.00;-2.84;93.68;1000.92;0;0.00;0.00;0.00;0.04;0.00;0.00;0.00;0.00;0.00;0.00;0.00;0.00;0.00;0.00;0.00;0.00;0.00;0.00
2022-03-25 02:16:00 ;0.00;206.00;-2.74;93.59;1000.88;0;0.00;0.00;0.00;0.04;0.00;0.00;0.00;0.00;0.00;0.00;0.00;0.00;0.00;0.00;0.00;0.00;0.00;0.00
2022-03-25 02:17:00 ;0.00;206.00;-2.78;93.69;1000.87;0;0.00;0.00;0.00;0.04;0.00;0.00;0.00;0.00;0.00;0.00;0.00;0.00;0.00;0.00;0.00;0.00;0.00;0.00
2022-03-25 02:18:00 ;0.00;206.00;-2.80;93.64;1000.87;0;0.00;0.00;0.00;0.04;0.00;0.00;0.00;0.00;0.00;0.00;0.00;0.00;0.00;0.00;0.00;0.00;0.00;0.00
2022-03-25 02:19:00 ;0.00;206.00;-2.87;93.67;1000.79;0;0.00;0.00;0.00;0.04;0.00;0.00;0.00;0.00;0.00;0.00;0.00;0.00;0.00;0.00;0.00;0.00;0.00;0.00
2022-03-25 02:20:00 ;0.00;206.00;-2.84;93.74;1000.94;0;0.00;0.00;0.00;0.04;0.00;0.00;0.00;0.00;0.00;0.00;0.00;0.00;0.00;0.00;0.00;0.00;0.00;0.00
2022-03-25 02:21:00 ;0.00;206.00;-2.84;93.71;1000.86;0;0.00;0.00;0.00;0.04;0.00;0.00;0.00;0.00;0.00;0.00;0.00;0.00;0.00;0.00;0.00;0.00;0.00;0.00
2022-03-25 02:22:00 ;0.00;206.00;-2.84;93.72;1000.91;0;0.00;0.00;0.00;0.04;0.00;0.00;0.00;0.00;0.00;0.00;0.00;0.00;0.00;0.00;0.00;0.00;0.00;0.00
2022-03-25 02:23:00 ;0.00;206.00;-2.87;93.79;1000.94;0;0.00;0.00;0.00;0.04;0.00;0.00;0.00;0.00;0.00;0.00;0.00;0.00;0.00;0.00;0.00;0.00;0.00;0.00
2022-03-25 02:24:00 ;0.00;206.00;-2.77;93.81;1000.94;0;0.00;0.00;0.00;0.04;0.00;0.00;0.00;0.00;0.00;0.00;0.00;0.00;0.00;0.00;0.00;0.00;0.00;0.00
2022-03-25 02:25:00 ;0.00;206.00;-2.81;93.86;1000.83;0;0.00;0.00;0.00;0.04;0.00;0.00;0.00;0.00;0.00;0.00;0.00;0.00;0.00;0.00;0.00;0.00;0.00;0.00
2022-03-25 02:26:00 ;0.00;206.00;-2.89;93.72;1000.89;0;0.00;0.00;0.00;0.04;0.00;0.00;0.00;0.00;0.00;0.00;0.00;0.00;0.00;0.00;0.00;0.00;0.00;0.00
2022-03-25 02:27:00 ;0.00;206.00;-2.80;93.79;1000.90;0;0.00;0.00;0.00;0.04;0.00;0.00;0.27;0.00;207.00;207.00;0.00;0.00;0.01;0.27;0.00;207.00;207.00;0.00
2022-03-25 02:28:00 ;0.00;206.00;-2.91;93.69;1000.84;0;0.00;0.00;0.00;0.04;0.00;0.00;0.27;0.00;207.00;207.00;0.00;0.00;0.01;0.27;0.00;207.00;207.00;0.00
2022-03-25 02:29:00 ;0.00;206.00;-2.92;93.75;1000.85;0;0.00;0.00;0.00;0.04;0.00;0.00;0.27;0.00;207.00;207.00;0.00;0.00;0.00;0.00;0.00;0.00;0.00;0.00
2022-03-25 02:30:00 ;0.00;206.00;-2.88;93.69;1000.84;0;0.00;0.00;0.00;0.04;0.00;0.00;0.27;0.00;207.00;207.00;0.00;0.00;0.00;0.00;0.00;0.00;0.00;0.00
2022-03-25 02:31:00 ;0.00;206.00;-2.99;93.68;1000.85;0;0.00;0.00;0.00;0.04;0.00;0.00;0.27;0.00;207.00;207.00;0.00;0.00;0.00;0.00;0.00;0.00;0.00;0.00
2022-03-25 02:32:00 ;0.00;206.00;-2.89;93.72;1000.96;0;0.00;0.00;0.00;0.04;0.00;0.00;0.27;0.00;207.00;207.00;0.00;0.00;0.00;0.00;0.00;0.00;0.00;0.00
2022-03-25 02:33:00 ;0.00;206.00;-2.95;93.66;1000.91;0;0.00;0.00;0.00;0.04;0.00;0.00;0.27;0.00;207.00;207.00;0.00;0.00;0.00;0.00;0.00;0.00;0.00;0.00
2022-03-25 02:34:00 ;0.00;206.00;-3.02;93.52;1000.87;0;0.00;0.00;0.00;0.04;0.00;0.00;0.27;0.00;207.00;207.00;0.00;0.00;0.00;0.00;0.00;0.00;0.00;0.00
2022-03-25 02:35:00 ;0.00;206.00;-2.98;93.53;1001.01;0;0.00;0.00;0.00;0.04;0.00;0.00;0.27;0.00;207.00;207.00;0.00;0.00;0.00;0.00;0.00;0.00;0.00;0.00
2022-03-25 02:36:00 ;0.00;206.00;-3.15;93.43;1001.01;0;0.00;0.00;0.00;0.04;0.00;0.00;0.27;0.00;207.00;207.00;0.00;0.00;0.00;0.00;0.00;0.00;0.00;0.00
2022-03-25 02:37:00 ;0.00;206.00;-3.12;93.46;1000.95;0;0.00;0.00;0.00;0.04;0.00;0.00;0.00;0.00;0.00;0.00;0.00;0.00;0.00;0.00;0.00;0.00;0.00;0.00
2022-03-25 02:38:00 ;0.00;206.00;-3.02;93.59;1000.96;0;0.00;0.00;0.00;0.04;0.00;0.00;0.00;0.00;0.00;0.00;0.00;0.00;0.00;0.00;0.00;0.00;0.00;0.00
2022-03-25 02:39:00 ;0.00;206.00;-3.06;93.71;1000.89;0;0.00;0.00;0.00;0.04;0.00;0.00;0.00;0.00;0.00;0.00;0.00;0.00;0.00;0.00;0.00;0.00;0.00;0.00
2022-03-25 02:40:00 ;0.00;206.00;-2.98;93.67;1000.91;0;0.00;0.00;0.00;0.04;0.00;0.00;0.00;0.00;0.00;0.00;0.00;0.00;0.00;0.00;0.00;0.00;0.00;0.00
2022-03-25 02:41:00 ;0.00;206.00;-2.98;93.70;1000.88;0;0.00;0.00;0.00;0.04;0.00;0.00;0.00;0.00;0.00;0.00;0.00;0.00;0.00;0.00;0.00;0.00;0.00;0.00
2022-03-25 02:42:00 ;0.00;206.00;-2.92;93.78;1000.94;0;0.00;0.00;0.00;0.04;0.00;0.00;0.00;0.00;0.00;0.00;0.00;0.00;0.00;0.00;0.00;0.00;0.00;0.00
2022-03-25 02:43:01 ;0.00;206.00;-2.92;93.89;1000.96;0;0.00;0.00;0.00;0.04;0.00;0.00;0.00;0.00;0.00;0.00;0.00;0.00;0.00;0.00;0.00;0.00;0.00;0.00
2022-03-25 02:44:00 ;0.00;206.00;-2.87;93.80;1000.98;0;0.00;0.00;0.00;0.04;0.00;0.00;0.00;0.00;0.00;0.00;0.00;0.00;0.00;0.00;0.00;0.00;0.00;0.00
2022-03-25 02:45:01 ;0.00;206.00;-2.96;93.82;1000.97;0;0.00;0.00;0.00;0.04;0.00;0.00;0.00;0.00;0.00;0.00;0.00;0.00;0.00;0.00;0.00;0.00;0.00;0.00
2022-03-25 02:46:00 ;0.00;206.00;-2.94;93.65;1000.92;0;0.00;0.00;0.00;0.04;0.00;0.00;0.00;0.00;0.00;0.00;0.00;0.00;0.00;0.00;0.00;0.00;0.00;0.00
2022-03-25 02:47:00 ;0.00;206.00;-2.98;93.76;1001.01;0;0.00;0.00;0.00;0.04;0.00;0.00;0.00;0.00;0.00;0.00;0.00;0.00;0.00;0.00;0.00;0.00;0.00;0.00
2022-03-25 02:48:00 ;0.00;206.00;-2.92;93.76;1000.93;0;0.00;0.00;0.00;0.04;0.00;0.00;0.00;0.00;0.00;0.00;0.00;0.00;0.00;0.00;0.00;0.00;0.00;0.00
2022-03-25 02:49:00 ;0.00;206.00;-2.91;93.71;1000.92;0;0.00;0.00;0.00;0.04;0.00;0.00;0.00;0.00;0.00;0.00;0.00;0.00;0.00;0.00;0.00;0.00;0.00;0.00
2022-03-25 02:50:00 ;0.00;206.00;-3.05;93.70;1000.85;0;0.00;0.00;0.00;0.04;0.00;0.00;0.00;0.00;0.00;0.00;0.00;0.00;0.00;0.00;0.00;0.00;0.00;0.00
2022-03-25 02:51:00 ;0.00;206.00;-3.01;93.71;1000.98;0;0.00;0.00;0.00;0.04;0.00;0.00;0.00;0.00;0.00;0.00;0.00;0.00;0.00;0.00;0.00;0.00;0.00;0.00
2022-03-25 02:52:00 ;0.00;206.00;-3.01;93.70;1000.88;0;0.00;0.00;0.00;0.04;0.00;0.00;0.00;0.00;0.00;0.00;0.00;0.00;0.00;0.00;0.00;0.00;0.00;0.00
2022-03-25 02:53:00 ;0.00;206.00;-2.89;93.86;1000.91;0;0.00;0.00;0.00;0.04;0.00;0.00;0.00;0.00;0.00;0.00;0.00;0.00;0.00;0.00;0.00;0.00;0.00;0.00
2022-03-25 02:54:00 ;0.00;206.00;-2.92;93.78;1000.96;0;0.00;0.00;0.00;0.04;0.00;0.00;0.00;0.00;0.00;0.00;0.00;0.00;0.00;0.00;0.00;0.00;0.00;0.00
2022-03-25 02:55:00 ;0.00;206.00;-2.92;93.89;1000.88;0;0.00;0.00;0.00;0.04;0.00;0.00;0.00;0.00;0.00;0.00;0.00;0.00;0.00;0.00;0.00;0.00;0.00;0.00
2022-03-25 02:56:00 ;0.00;206.00;-3.06;93.66;1000.96;0;0.00;0.00;0.00;0.04;0.00;0.00;0.00;0.00;0.00;0.00;0.00;0.00;0.00;0.00;0.00;0.00;0.00;0.00
2022-03-25 02:57:00 ;0.00;206.00;-2.89;93.79;1000.92;0;0.00;0.00;0.00;0.04;0.00;0.00;0.00;0.00;0.00;0.00;0.00;0.00;0.00;0.00;0.00;0.00;0.00;0.00
2022-03-25 02:58:00 ;0.00;206.00;-2.95;93.71;1001.06;0;0.00;0.00;0.00;0.04;0.00;0.00;0.00;0.00;0.00;0.00;0.00;0.00;0.00;0.00;0.00;0.00;0.00;0.00
2022-03-25 02:59:00 ;0.00;206.00;-3.04;93.75;1000.94;0;0.00;0.00;0.00;0.04;0.00;0.00;0.00;0.00;0.00;0.00;0.00;0.00;0.00;0.00;0.00;0.00;0.00;0.00
2022-03-25 03:00:00 ;0.00;206.00;-2.95;93.77;1000.96;0;0.00;0.00;0.00;0.04;0.00;0.00;0.00;0.00;0.00;0.00;0.00;0.00;0.00;0.00;0.00;0.00;0.00;0.00
2022-03-25 03:01:00 ;0.00;206.00;-2.98;93.88;1000.92;0;0.00;0.00;0.00;0.05;0.03;0.00;0.00;0.00;0.00;0.00;0.00;0.00;0.00;0.00;0.00;0.00;0.00;0.00
2022-03-25 03:02:00 ;0.00;206.00;-2.94;93.87;1000.90;0;0.00;0.00;0.01;0.05;0.03;0.00;0.00;0.00;0.00;0.00;0.00;0.00;0.00;0.00;0.00;0.00;0.00;0.00
2022-03-25 03:03:00 ;0.00;206.00;-2.99;93.80;1000.94;0;0.00;0.00;0.01;0.05;0.00;0.00;0.00;0.00;0.00;0.00;0.00;0.00;0.00;0.00;0.00;0.00;0.00;0.00
2022-03-25 03:04:00 ;0.00;206.00;-2.98;93.87;1000.87;0;0.00;0.00;0.01;0.05;0.00;0.00;0.00;0.00;0.00;0.00;0.00;0.00;0.00;0.00;0.00;0.00;0.00;0.00
2022-03-25 03:05:00 ;0.00;206.00;-2.99;93.89;1000.87;0;0.00;0.00;0.01;0.05;0.00;0.00;0.00;0.00;0.00;0.00;0.00;0.00;0.00;0.00;0.00;0.00;0.00;0.00
2022-03-25 03:06:00 ;0.00;206.00;-2.99;93.83;1000.89;0;0.00;0.00;0.02;0.05;0.00;0.00;0.00;0.00;0.00;0.00;0.00;0.00;0.00;0.00;0.00;0.00;0.00;0.00
2022-03-25 03:07:00 ;0.00;206.00;-2.92;93.83;1000.94;0;0.00;0.00;0.02;0.05;0.00;0.00;0.00;0.00;0.00;0.00;0.00;0.00;0.00;0.00;0.00;0.00;0.00;0.00
2022-03-25 03:08:00 ;0.00;206.00;-3.01;93.82;1000.91;0;0.00;0.00;0.02;0.05;0.00;0.00;0.00;0.00;0.00;0.00;0.00;0.00;0.00;0.00;0.00;0.00;0.00;0.00
2022-03-25 03:09:00 ;0.00;206.00;-3.01;93.82;1000.93;0;0.00;0.00;0.03;0.05;0.00;0.00;0.00;0.00;0.00;0.00;0.00;0.00;0.00;0.00;0.00;0.00;0.00;0.00
2022-03-25 03:10:00 ;0.00;206.00;-3.04;93.76;1001.07;0;0.00;0.00;0.03;0.05;0.00;0.00;0.00;0.00;0.00;0.00;0.00;0.00;0.00;0.00;0.00;0.00;0.00;0.00
2022-03-25 03:11:00 ;0.00;206.00;-3.06;93.84;1000.98;0;0.00;0.00;0.04;0.06;0.00;0.00;0.00;0.00;0.00;0.00;0.00;0.00;0.00;0.00;0.00;0.00;0.00;0.00
2022-03-25 03:12:00 ;0.00;206.00;-3.08;93.88;1001.02;0;0.00;0.00;0.05;0.06;0.00;0.00;0.00;0.00;0.00;0.00;0.00;0.00;0.00;0.00;0.00;0.00;0.00;0.00
2022-03-25 03:13:00 ;0.00;206.00;-3.04;93.85;1000.97;0;0.00;0.00;0.06;0.06;0.00;0.00;0.00;0.00;0.00;0.00;0.00;0.00;0.00;0.00;0.00;0.00;0.00;0.00
2022-03-25 03:14:00 ;0.00;206.00;-3.11;93.83;1000.96;0;0.00;0.00;0.07;0.06;0.03;0.00;0.00;0.00;0.00;0.00;0.00;0.00;0.00;0.00;0.00;0.00;0.00;0.00
2022-03-25 03:15:00 ;0.00;206.00;-3.09;93.95;1001.06;0;0.00;0.00;0.08;0.07;0.00;0.00;0.00;0.00;0.00;0.00;0.00;0.00;0.00;0.00;0.00;0.00;0.00;0.00
2022-03-25 03:16:00 ;0.00;206.00;-3.02;93.89;1000.94;0;0.00;0.00;0.10;0.07;0.00;0.00;0.00;0.00;0.00;0.00;0.00;0.00;0.00;0.00;0.00;0.00;0.00;0.00
2022-03-25 03:17:00 ;0.00;206.00;-3.12;93.81;1000.98;0;0.00;0.00;0.12;0.08;0.00;0.00;0.00;0.00;0.00;0.00;0.00;0.00;0.00;0.00;0.00;0.00;0.00;0.00
2022-03-25 03:18:01 ;0.00;206.00;-3.04;94.01;1001.04;0;0.00;0.00;0.14;0.09;0.00;0.00;0.00;0.00;0.00;0.00;0.00;0.00;0.00;0.00;0.00;0.00;0.00;0.00
2022-03-25 03:19:00 ;0.00;206.00;-3.08;93.94;1000.98;0;0.00;0.00;0.17;0.10;0.00;0.00;0.00;0.00;0.00;0.00;0.00;0.00;0.00;0.00;0.00;0.00;0.00;0.00
2022-03-25 03:20:01 ;0.00;206.00;-3.04;93.88;1001.01;0;0.00;0.00;0.21;0.11;0.00;0.00;0.00;0.00;0.00;0.00;0.00;0.00;0.00;0.00;0.00;0.00;0.00;0.00
2022-03-25 03:21:00 ;0.00;206.00;-3.05;93.98;1001.01;0;0.00;0.00;0.25;0.12;0.03;0.00;0.00;0.00;0.00;0.00;0.00;0.00;0.00;0.00;0.00;0.00;0.00;0.00
2022-03-25 03:22:00 ;0.00;206.00;-3.02;93.97;1000.93;0;0.00;0.00;0.30;0.14;0.00;0.00;0.00;0.00;0.00;0.00;0.00;0.00;0.00;0.00;0.00;0.00;0.00;0.00
2022-03-25 03:23:00 ;0.00;206.00;-3.12;93.91;1000.96;0;0.00;0.00;0.36;0.16;0.00;0.00;0.00;0.00;0.00;0.00;0.00;0.00;0.00;0.00;0.00;0.00;0.00;0.00
2022-03-25 03:24:00 ;0.00;206.00;-3.04;93.91;1000.97;0;0.00;0.00;0.43;0.18;0.03;0.00;0.00;0.00;0.00;0.00;0.00;0.00;0.00;0.00;0.00;0.00;0.00;0.00
2022-03-25 03:25:00 ;0.00;206.00;-3.12;93.90;1000.94;0;0.00;0.00;0.50;0.21;0.03;0.00;0.00;0.00;0.00;0.00;0.00;0.00;0.00;0.00;0.00;0.00;0.00;0.00
2022-03-25 03:26:00 ;0.00;206.00;-3.02;94.04;1000.97;0;0.00;0.00;0.60;0.24;0.03;0.00;0.00;0.00;0.00;0.00;0.00;0.00;0.00;0.00;0.00;0.00;0.00;0.00
2022-03-25 03:27:00 ;0.00;206.00;-3.08;93.95;1001.00;0;0.00;0.00;0.70;0.28;0.03;0.00;0.00;0.00;0.00;0.00;0.00;0.00;0.00;0.00;0.00;0.00;0.00;0.00
2022-03-25 03:28:00 ;0.00;206.00;-3.04;93.90;1000.97;0;0.00;0.00;0.81;0.33;0.03;0.00;0.00;0.00;0.00;0.00;0.00;0.00;0.00;0.00;0.00;0.00;0.00;0.00
2022-03-25 03:29:00 ;0.00;206.00;-3.15;93.77;1000.91;0;0.00;0.00;0.95;0.38;0.03;0.00;0.00;0.00;0.00;0.00;0.00;0.00;0.00;0.00;0.00;0.00;0.00;0.00
2022-03-25 03:30:00 ;0.00;206.00;-3.02;93.93;1000.92;0;0.00;0.00;1.10;0.44;0.06;0.00;0.00;0.00;0.00;0.00;0.00;0.00;0.00;0.00;0.00;0.00;0.00;0.00
2022-03-25 03:31:00 ;0.00;206.00;-3.12;93.88;1000.98;0;0.00;0.00;1.26;0.51;0.06;0.00;0.00;0.00;0.00;0.00;0.00;0.00;0.00;0.00;0.00;0.00;0.00;0.00
2022-03-25 03:32:00 ;0.00;206.00;-3.08;93.87;1001.00;0;0.00;0.00;1.45;0.59;0.06;0.00;0.00;0.00;0.00;0.00;0.00;0.00;0.00;0.00;0.00;0.00;0.00;0.00
2022-03-25 03:33:00 ;0.00;206.00;-3.01;93.86;1000.93;0;0.00;0.00;1.65;0.69;0.06;0.00;0.00;0.00;0.00;0.00;0.00;0.00;0.00;0.00;0.00;0.00;0.00;0.00
2022-03-25 03:34:00 ;0.00;206.00;-3.12;93.97;1000.92;0;0.00;0.00;1.87;0.79;0.09;0.00;0.00;0.00;0.00;0.00;0.00;0.00;0.00;0.00;0.00;0.00;0.00;0.00
2022-03-25 03:35:00 ;0.00;206.00;-3.09;93.92;1001.05;0;0.00;0.00;2.11;0.91;0.09;0.00;0.00;0.00;0.00;0.00;0.00;0.00;0.00;0.00;0.00;0.00;0.00;0.00
2022-03-25 03:36:00 ;0.00;206.00;-3.09;94.00;1000.95;0;0.00;0.00;2.38;1.05;0.09;0.00;0.00;0.00;0.00;0.00;0.00;0.00;0.00;0.00;0.00;0.00;0.00;0.00
2022-03-25 03:37:00 ;0.00;206.00;-3.02;93.90;1000.96;0;0.00;0.00;2.65;1.20;0.09;0.00;0.00;0.00;0.00;0.00;0.00;0.00;0.00;0.00;0.00;0.00;0.00;0.00
2022-03-25 03:38:00 ;0.00;206.00;-3.17;93.94;1001.10;0;0.00;0.00;2.96;1.37;0.09;0.00;0.00;0.00;0.00;0.00;0.00;0.00;0.00;0.00;0.00;0.00;0.00;0.00
2022-03-25 03:39:00 ;0.00;206.00;-3.09;93.95;1001.04;0;0.00;0.00;3.28;1.55;0.09;0.00;0.00;0.00;0.00;0.00;0.00;0.00;0.00;0.00;0.00;0.00;0.00;0.00
2022-03-25 03:40:00 ;0.00;206.00;-3.05;94.03;1000.89;0;0.00;0.00;3.62;1.76;0.12;0.00;0.00;0.00;0.00;0.00;0.00;0.00;0.00;0.00;0.00;0.00;0.00;0.00
2022-03-25 03:41:00 ;0.00;206.00;-3.15;94.03;1000.93;0;0.00;0.00;3.98;1.98;0.12;0.00;0.00;0.00;0.00;0.00;0.00;0.00;0.00;0.00;0.00;0.00;0.00;0.00
2022-03-25 03:42:00 ;0.00;206.00;-3.06;93.99;1001.01;0;0.00;0.00;4.38;2.23;0.15;0.00;0.00;0.00;0.00;0.00;0.00;0.00;0.00;0.00;0.00;0.00;0.00;0.00
2022-03-25 03:43:00 ;0.00;206.00;-3.09;93.92;1001.00;0;0.00;0.00;4.79;2.51;0.15;0.00;0.00;0.00;0.00;0.00;0.00;0.00;0.00;0.00;0.00;0.00;0.00;0.00
2022-03-25 03:44:00 ;0.00;206.00;-3.02;93.99;1001.04;0;0.00;0.00;5.22;2.81;0.15;0.00;0.00;0.00;0.00;0.00;0.00;0.00;0.00;0.00;0.00;0.00;0.00;0.00
2022-03-25 03:45:00 ;0.00;206.00;-3.16;93.85;1001.01;0;0.00;0.00;5.67;3.14;0.15;0.00;0.00;0.00;0.00;0.00;0.00;0.00;0.00;0.00;0.00;0.00;0.00;0.00
2022-03-25 03:46:00 ;0.00;206.00;-3.04;94.00;1000.90;0;0.00;0.00;6.14;3.49;0.15;0.00;0.00;0.00;0.00;0.00;0.00;0.00;0.00;0.00;0.00;0.00;0.00;0.00
2022-03-25 03:47:01 ;0.00;206.00;-3.08;93.96;1000.99;0;0.00;0.00;6.64;3.88;0.15;0.00;0.00;0.00;0.00;0.00;0.00;0.00;0.00;0.00;0.00;0.00;0.00;0.00
2022-03-25 03:48:00 ;0.00;206.00;-3.06;94.02;1000.91;0;0.00;0.00;7.13;4.28;0.15;0.00;0.00;0.00;0.00;0.00;0.00;0.00;0.00;0.00;0.00;0.00;0.00;0.00
2022-03-25 03:49:01 ;0.00;206.00;-3.01;94.00;1000.93;0;0.00;0.00;7.66;4.74;0.21;0.00;0.00;0.00;0.00;0.00;0.00;0.00;0.00;0.00;0.00;0.00;0.00;0.00
2022-03-25 03:50:00 ;0.00;206.00;-3.11;93.96;1000.97;0;0.00;0.00;8.19;5.20;0.21;0.00;0.00;0.00;0.00;0.00;0.00;0.00;0.00;0.00;0.00;0.00;0.00;0.00
2022-03-25 03:51:01 ;0.00;206.00;-3.09;94.00;1001.04;0;0.00;0.00;8.75;5.72;0.21;0.00;0.00;0.00;0.00;0.00;0.00;0.00;0.00;0.00;0.00;0.00;0.00;0.00
2022-03-25 03:52:00 ;0.00;206.00;-3.17;93.94;1001.04;0;0.00;0.00;9.30;6.25;0.21;0.00;0.00;0.00;0.00;0.00;0.00;0.00;0.00;0.00;0.00;0.00;0.00;0.00
2022-03-25 03:53:00 ;0.00;206.00;-3.16;93.86;1001.03;0;0.00;0.00;9.87;6.83;0.24;0.00;0.00;0.00;0.00;0.00;0.00;0.00;0.00;0.00;0.00;0.00;0.00;0.00
2022-03-25 03:54:00 ;0.00;206.00;-3.13;93.93;1000.98;0;0.00;0.00;10.46;7.45;0.24;0.00;0.00;0.00;0.00;0.00;0.00;0.00;0.00;0.00;0.00;0.00;0.00;0.00
2022-03-25 03:55:00 ;0.00;206.00;-3.06;93.90;1000.98;0;0.00;0.00;11.05;8.08;0.24;0.00;0.00;0.00;0.00;0.00;0.00;0.00;0.00;0.00;0.00;0.00;0.00;0.00
2022-03-25 03:56:00 ;0.00;206.00;-3.08;93.89;1001.03;0;0.00;0.00;11.66;8.76;0.27;0.00;0.00;0.00;0.00;0.00;0.00;0.00;0.00;0.00;0.00;0.00;0.00;0.00
2022-03-25 03:57:00 ;0.00;206.00;-3.04;93.98;1001.05;0;0.00;0.00;12.27;9.48;0.27;0.00;0.00;0.00;0.00;0.00;0.00;0.00;0.00;0.00;0.00;0.00;0.00;0.00
2022-03-25 03:58:00 ;0.00;206.00;-3.09;93.95;1001.03;0;0.00;0.00;12.90;10.25;0.30;0.00;0.00;0.00;0.00;0.00;0.00;0.00;0.00;0.00;0.00;0.00;0.00;0.00
2022-03-25 03:59:00 ;0.00;206.00;-3.04;93.99;1001.01;0;0.00;0.00;13.55;11.03;0.30;0.00;0.00;0.00;0.00;0.00;0.00;0.00;0.00;0.00;0.00;0.00;0.00;0.00
2022-03-25 04:00:00 ;0.00;206.00;-3.12;93.89;1001.08;0;0.00;0.00;14.19;11.86;0.30;0.00;0.00;0.00;0.00;0.00;0.00;0.00;0.00;0.00;0.00;0.00;0.00;0.00
2022-03-25 04:01:00 ;0.00;206.00;-3.04;93.89;1001.07;0;0.00;0.00;14.86;12.74;0.33;0.00;0.00;0.00;0.00;0.00;0.00;0.00;0.00;0.00;0.00;0.00;0.00;0.00
2022-03-25 04:02:00 ;0.00;206.00;-3.09;93.86;1001.04;0;0.00;0.00;15.52;13.67;0.33;0.00;0.00;0.00;0.00;0.00;0.00;0.00;0.00;0.00;0.00;0.00;0.00;0.00
2022-03-25 04:03:00 ;0.00;206.00;-3.05;93.93;1001.11;0;0.00;0.00;16.18;14.61;0.36;0.00;0.00;0.00;0.00;0.00;0.00;0.00;0.00;0.00;0.00;0.00;0.00;0.00
2022-03-25 04:04:00 ;0.00;206.00;-3.06;93.91;1001.07;0;0.00;0.00;16.84;15.61;0.33;0.00;0.00;0.00;0.00;0.00;0.00;0.00;0.00;0.00;0.00;0.00;0.00;0.00
2022-03-25 04:05:00 ;0.00;206.00;-2.98;93.84;1001.01;0;0.00;0.00;17.51;16.63;0.36;0.00;0.00;0.00;0.00;0.00;0.00;0.00;0.00;0.00;0.00;0.00;0.00;0.00
2022-03-25 04:06:00 ;0.00;206.00;-3.05;93.87;1001.01;0;0.00;0.00;18.19;17.70;0.39;0.00;0.00;0.00;0.00;0.00;0.00;0.00;0.00;0.00;0.00;0.00;0.00;0.00
2022-03-25 04:07:00 ;0.00;206.00;-2.94;93.91;1001.06;0;0.00;0.00;18.87;18.81;0.39;0.00;0.00;0.00;0.00;0.00;0.00;0.00;0.00;0.00;0.00;0.00;0.00;0.00
2022-03-25 04:08:00 ;0.00;206.00;-2.95;93.92;1000.98;0;0.00;0.00;19.60;19.96;0.42;0.00;0.00;0.00;0.00;0.00;0.00;0.00;0.00;0.00;0.00;0.00;0.00;0.00
2022-03-25 04:09:00 ;0.00;206.00;-3.01;93.83;1001.06;0;0.00;0.00;20.47;21.16;0.48;0.00;0.00;0.00;0.00;0.00;0.00;0.00;0.00;0.00;0.00;0.00;0.00;0.00
2022-03-25 04:10:00 ;0.00;206.00;-2.95;93.88;1001.10;0;0.00;0.00;21.25;22.41;0.51;0.00;0.00;0.00;0.00;0.00;0.00;0.00;0.00;0.00;0.00;0.00;0.00;0.00
2022-03-25 04:11:00 ;0.00;206.00;-2.92;93.82;1001.16;0;0.00;0.00;22.00;23.71;0.54;0.00;0.00;0.00;0.00;0.00;0.00;0.00;0.00;0.00;0.00;0.00;0.00;0.00
2022-03-25 04:12:00 ;0.00;206.00;-2.74;93.89;1001.16;0;0.00;0.00;22.55;25.05;0.51;0.00;0.00;0.00;0.00;0.00;0.00;0.00;0.00;0.00;0.00;0.00;0.00;0.00
2022-03-25 04:13:00 ;0.00;206.00;-2.92;93.69;1000.97;0;0.00;0.00;23.04;26.41;0.48;0.00;0.00;0.00;0.00;0.00;0.00;0.00;0.00;0.00;0.00;0.00;0.00;0.00
2022-03-25 04:14:00 ;0.00;206.00;-2.81;93.82;1001.09;0;0.00;0.00;23.98;27.82;0.51;0.00;0.00;0.00;0.00;0.00;0.00;0.00;0.00;0.00;0.00;0.00;0.00;0.00
2022-03-25 04:15:00 ;0.00;206.00;-2.87;93.80;1001.08;0;0.00;0.00;24.99;29.29;0.60;0.00;0.00;0.00;0.00;0.00;0.00;0.00;0.00;0.00;0.00;0.00;0.00;0.00
2022-03-25 04:16:00 ;0.00;206.00;-2.78;93.73;1001.12;0;0.00;0.00;26.03;30.82;0.69;0.00;0.00;0.00;0.00;0.00;0.00;0.00;0.00;0.00;0.00;0.00;0.00;0.00
2022-03-25 04:17:00 ;0.00;206.00;-2.73;93.76;1001.17;0;0.00;0.00;27.22;32.42;0.81;0.00;0.00;0.00;0.00;0.00;0.00;0.00;0.00;0.00;0.00;0.00;0.00;0.00
2022-03-25 04:18:00 ;0.00;206.00;-2.77;93.75;1001.19;0;0.00;0.00;28.02;34.08;0.81;0.00;0.00;0.00;0.00;0.00;0.00;0.00;0.00;0.00;0.00;0.00;0.00;0.00
2022-03-25 04:19:00 ;0.00;206.00;-2.71;93.73;1001.20;0;0.00;0.00;28.30;35.77;0.75;0.00;0.00;0.00;0.00;0.00;0.00;0.00;0.00;0.00;0.00;0.00;0.00;0.00
2022-03-25 04:20:00 ;0.00;206.00;-2.64;93.62;1001.16;0;0.00;0.00;28.62;37.47;0.66;0.00;0.00;0.00;0.00;0.00;0.00;0.00;0.00;0.00;0.00;0.00;0.00;0.00
2022-03-25 04:21:00 ;0.00;206.00;-2.67;93.48;1001.16;0;0.00;0.00;28.79;39.20;0.57;0.00;0.00;0.00;0.00;0.00;0.00;0.00;0.00;0.00;0.00;0.00;0.00;0.00
2022-03-25 04:22:00 ;0.00;206.00;-2.71;93.48;1001.23;0;0.00;0.00;29.59;40.95;0.60;0.00;0.00;0.00;0.00;0.00;0.00;0.00;0.00;0.00;0.00;0.00;0.00;0.00
2022-03-25 04:23:00 ;0.00;206.00;-2.53;93.35;1001.20;0;0.00;0.00;30.58;42.75;0.69;0.00;0.00;0.00;0.00;0.00;0.00;0.00;0.00;0.00;0.00;0.00;0.00;0.00
2022-03-25 04:24:00 ;0.00;206.00;-2.61;93.27;1001.22;0;0.00;0.00;30.79;44.60;0.63;0.00;0.00;0.00;0.00;0.00;0.00;0.00;0.00;0.00;0.00;0.00;0.00;0.00
2022-03-25 04:25:00 ;0.00;206.00;-2.63;93.19;1001.20;0;0.00;0.00;31.31;46.46;0.60;0.00;0.00;0.00;0.00;0.00;0.00;0.00;0.00;0.00;0.00;0.00;0.00;0.00
2022-03-25 04:26:00 ;0.00;206.00;-2.56;93.33;1001.20;0;0.00;0.00;32.04;48.36;0.63;0.00;0.00;0.00;0.00;0.00;0.00;0.00;0.00;0.00;0.00;0.00;0.00;0.00
2022-03-25 04:27:00 ;0.00;206.00;-2.52;93.30;1001.21;0;0.00;0.00;32.74;50.30;0.66;0.00;0.00;0.00;0.00;0.00;0.00;0.00;0.00;0.00;0.00;0.00;0.00;0.00
2022-03-25 04:28:00 ;0.00;206.00;-2.63;93.19;1001.12;0;0.00;0.00;33.47;52.29;0.63;0.00;0.00;0.00;0.00;0.00;0.00;0.00;0.00;0.00;0.00;0.00;0.00;0.00
2022-03-25 04:29:00 ;0.00;206.00;-2.52;93.24;1001.12;0;0.00;0.00;34.09;54.32;0.66;0.00;0.00;0.00;0.00;0.00;0.00;0.00;0.00;0.00;0.00;0.00;0.00;0.00
2022-03-25 04:30:00 ;0.00;206.00;-2.43;93.37;1001.19;0;0.00;0.00;34.70;56.38;0.66;0.00;0.00;0.00;0.00;0.00;0.00;0.00;0.00;0.00;0.00;0.00;0.00;0.00
2022-03-25 04:31:00 ;0.00;206.00;-2.50;93.16;1001.20;0;0.00;0.00;35.59;58.49;0.72;0.00;0.00;0.00;0.00;0.00;0.00;0.00;0.00;0.00;0.00;0.00;0.00;0.00
2022-03-25 04:32:00 ;0.00;206.00;-2.40;93.08;1001.22;0;0.00;0.00;36.13;60.64;0.72;0.00;0.00;0.00;0.00;0.00;0.00;0.00;0.00;0.00;0.00;0.00;0.00;0.00
2022-03-25 04:33:00 ;0.00;206.00;-2.43;93.08;1001.26;0;0.00;0.00;36.81;62.83;0.72;0.00;0.00;0.00;0.00;0.00;0.00;0.00;0.00;0.00;0.00;0.00;0.00;0.00
2022-03-25 04:34:00 ;0.00;206.00;-2.35;93.08;1001.29;0;0.00;0.00;38.37;65.08;0.84;0.00;0.00;0.00;0.00;0.00;0.00;0.00;0.00;0.00;0.00;0.00;0.00;0.00
2022-03-25 04:35:00 ;0.00;206.00;-2.39;93.04;1001.16;0;0.00;0.00;39.88;67.39;0.93;0.00;0.00;0.00;0.00;0.00;0.00;0.00;0.00;0.00;0.00;0.00;0.00;0.00
2022-03-25 04:36:00 ;0.00;206.00;-2.29;93.06;1001.28;0;0.00;0.00;40.16;69.84;0.93;0.00;0.00;0.00;0.00;0.00;0.00;0.00;0.00;0.00;0.00;0.00;0.00;0.00
2022-03-25 04:37:00 ;0.00;206.00;-2.22;93.00;1001.26;0;0.00;0.00;41.38;72.28;0.99;0.00;0.00;0.00;0.00;0.00;0.00;0.00;0.00;0.00;0.00;0.00;0.00;0.00
2022-03-25 04:38:00 ;0.00;206.00;-2.23;92.93;1001.34;0;0.00;0.00;41.87;74.79;0.96;0.00;0.00;0.00;0.00;0.00;0.00;0.00;0.00;0.00;0.00;0.00;0.00;0.00
2022-03-25 04:39:00 ;0.00;206.00;-2.19;92.94;1001.22;0;0.00;0.00;41.65;77.30;0.90;0.00;0.00;0.00;0.00;0.00;0.00;0.00;0.00;0.00;0.00;0.00;0.00;0.00
2022-03-25 04:40:00 ;0.00;206.00;-2.15;92.79;1001.23;0;0.00;0.00;43.25;79.84;1.02;0.00;0.00;0.00;0.00;0.00;0.00;0.00;0.00;0.00;0.00;0.00;0.00;0.00
2022-03-25 04:41:00 ;0.00;206.00;-2.11;92.70;1001.17;0;0.00;0.00;44.42;82.47;1.08;0.00;0.00;0.00;0.00;0.00;0.00;0.00;0.00;0.00;0.00;0.00;0.00;0.00
2022-03-25 04:42:00 ;0.00;206.00;-2.15;92.55;1001.36;0;0.00;0.00;43.38;85.10;0.93;0.00;0.00;0.00;0.00;0.00;0.00;0.00;0.00;0.00;0.00;0.00;0.00;0.00
2022-03-25 04:43:00 ;0.00;206.00;-2.09;92.42;1001.33;0;0.00;0.00;43.94;87.72;0.93;0.00;0.00;0.00;0.00;0.00;0.00;0.00;0.00;0.00;0.00;0.00;0.00;0.00
2022-03-25 04:44:01 ;0.00;206.00;-1.99;92.22;1001.38;0;0.00;0.00;44.21;90.37;0.90;0.00;0.00;0.00;0.00;0.00;0.00;0.00;0.00;0.00;0.00;0.00;0.00;0.00
2022-03-25 04:45:00 ;0.00;206.00;-2.05;92.10;1001.41;0;0.00;0.00;44.57;93.03;0.90;0.00;0.00;0.00;0.00;0.00;0.00;0.00;0.00;0.00;0.00;0.00;0.00;0.00
2022-03-25 04:46:00 ;0.00;206.00;-1.82;91.94;1001.35;0;0.00;0.00;45.10;95.72;0.90;0.00;0.00;0.00;0.00;0.00;0.00;0.00;0.00;0.00;0.00;0.00;0.00;0.00
2022-03-25 04:47:00 ;0.00;206.00;-1.98;91.79;1001.39;0;0.00;0.00;45.89;98.45;0.93;0.00;0.00;0.00;0.00;0.00;0.00;0.00;0.00;0.00;0.00;0.00;0.00;0.00
2022-03-25 04:48:00 ;0.00;206.00;-1.96;91.66;1001.43;0;0.00;0.00;46.98;101.23;0.99;0.00;0.00;0.00;0.00;0.00;0.00;0.00;0.00;0.00;0.00;0.00;0.00;0.00
2022-03-25 04:49:00 ;0.00;206.00;-1.95;91.47;1001.45;0;0.00;0.00;47.02;104.05;0.96;0.00;0.00;0.00;0.00;0.00;0.00;0.00;0.00;0.00;0.00;0.00;0.00;0.00
2022-03-25 04:50:00 ;0.00;206.00;-1.91;91.43;1001.44;0;0.00;0.00;47.25;106.87;0.96;0.00;0.00;0.00;0.00;0.00;0.00;0.00;0.00;0.00;0.00;0.00;0.00;0.00
2022-03-25 04:51:01 ;0.00;206.00;-1.84;91.38;1001.38;0;0.00;0.00;47.28;109.72;0.90;0.00;0.00;0.00;0.00;0.00;0.00;0.00;0.00;0.00;0.00;0.00;0.00;0.00
2022-03-25 04:52:00 ;0.00;206.00;-1.87;91.35;1001.43;0;0.00;0.00;48.12;112.58;0.93;0.00;0.00;0.00;0.00;0.00;0.00;0.00;0.00;0.00;0.00;0.00;0.00;0.00
2022-03-25 04:53:00 ;0.00;206.00;-1.77;91.31;1001.47;0;0.00;0.00;50.35;115.53;1.11;0.00;0.00;0.00;0.00;0.00;0.00;0.00;0.00;0.00;0.00;0.00;0.00;0.00
2022-03-25 04:54:00 ;0.00;206.00;-1.73;91.32;1001.40;0;0.00;0.00;55.19;118.66;1.50;0.00;0.00;0.00;0.00;0.00;0.00;0.00;0.00;0.00;0.00;0.00;0.00;0.00
2022-03-25 04:55:00 ;0.00;206.00;-1.63;91.33;1001.44;0;0.00;0.00;60.74;122.12;1.89;0.00;0.00;0.00;0.00;0.00;0.00;0.00;0.00;0.00;0.00;0.00;0.00;0.00
2022-03-25 04:56:00 ;0.00;206.00;-1.67;91.37;1001.43;0;0.00;0.00;64.67;125.91;2.19;0.00;0.00;0.00;0.00;0.00;0.00;0.00;0.00;0.00;0.00;0.00;0.00;0.00
2022-03-25 04:57:00 ;0.00;206.00;-1.49;91.46;1001.35;0;0.00;0.00;63.68;129.79;2.07;0.00;0.00;0.00;0.00;0.00;0.00;0.00;0.00;0.00;0.00;0.00;0.00;0.00
2022-03-25 04:58:00 ;0.00;206.00;-1.32;91.30;1001.40;0;0.00;0.00;57.79;133.45;1.53;0.00;0.00;0.00;0.00;0.00;0.00;0.00;0.00;0.00;0.00;0.00;0.00;0.00
2022-03-25 04:59:00 ;0.00;206.00;-1.33;91.22;1001.42;0;0.00;0.00;57.09;136.86;1.44;0.00;0.00;0.00;0.00;0.00;0.00;0.00;0.00;0.00;0.00;0.00;0.00;0.00
2022-03-25 05:00:00 ;0.00;206.00;-1.39;91.00;1001.47;0;0.00;0.00;59.63;140.41;1.62;0.00;0.00;0.00;0.00;0.00;0.00;0.00;0.00;0.00;0.00;0.00;0.00;0.00
2022-03-25 05:01:00 ;0.00;206.00;-1.32;91.00;1001.49;0;0.00;0.00;57.98;143.97;1.47;0.00;0.00;0.00;0.00;0.00;0.00;0.00;0.00;0.00;0.00;0.00;0.00;0.00
2022-03-25 05:02:00 ;0.00;206.00;-1.25;90.75;1001.52;0;0.00;0.00;55.96;147.36;1.26;0.00;0.00;0.00;0.00;0.00;0.00;0.00;0.00;0.00;0.00;0.00;0.00;0.00
2022-03-25 05:03:00 ;0.00;206.00;-1.22;90.64;1001.52;0;0.00;0.00;57.54;150.77;1.38;0.00;0.00;0.00;0.00;0.00;0.00;0.00;0.00;0.00;0.00;0.00;0.00;0.00
2022-03-25 05:04:00 ;0.00;206.00;-1.15;90.43;1001.48;0;0.00;0.00;56.02;154.13;1.20;0.00;0.00;0.00;0.00;0.00;0.00;0.00;0.00;0.00;0.00;0.00;0.00;0.00
2022-03-25 05:05:00 ;0.00;206.00;-1.15;90.27;1001.47;0;0.00;0.00;53.88;157.45;1.02;0.00;0.00;0.00;0.00;0.00;0.00;0.00;0.00;0.00;0.00;0.00;0.00;0.00
2022-03-25 05:06:00 ;0.00;206.00;-1.07;90.16;1001.48;0;0.00;0.00;54.86;160.71;1.08;0.00;0.00;0.00;0.00;0.00;0.00;0.00;0.00;0.00;0.00;0.00;0.00;0.00
2022-03-25 05:07:00 ;0.00;206.00;-1.01;90.05;1001.45;0;0.00;0.00;56.20;164.04;1.14;0.00;0.00;0.00;0.00;0.00;0.00;0.00;0.00;0.00;0.00;0.00;0.00;0.00
2022-03-25 05:08:00 ;0.00;206.00;-1.01;89.85;1001.49;0;0.00;0.00;57.82;167.46;1.23;0.00;0.00;0.00;0.00;0.00;0.00;0.00;0.00;0.00;0.00;0.00;0.00;0.00
2022-03-25 05:09:00 ;0.00;206.00;-0.95;89.59;1001.54;0;0.00;0.00;57.53;170.87;1.20;0.00;0.00;0.00;0.00;0.00;0.00;0.00;0.00;0.00;0.00;0.00;0.00;0.00
2022-03-25 05:10:01 ;0.00;206.00;-0.80;89.31;1001.55;0;0.00;0.00;62.63;174.50;1.56;0.00;0.00;0.00;0.00;0.00;0.00;0.00;0.00;0.00;0.00;0.00;0.00;0.00
2022-03-25 05:11:00 ;0.00;206.00;-0.78;89.14;1001.57;0;0.00;0.00;71.88;178.52;2.16;0.00;0.00;0.00;0.00;0.00;0.00;0.00;0.00;0.00;0.00;0.00;0.00;0.00
2022-03-25 05:12:00 ;0.00;206.00;-0.69;88.94;1001.57;0;0.00;0.00;76.65;182.99;2.52;0.00;0.00;0.00;0.00;0.00;0.00;0.00;0.00;0.00;0.00;0.00;0.00;0.00
2022-03-25 05:13:00 ;0.00;206.00;-0.60;88.57;1001.50;0;0.00;0.00;81.23;187.68;2.79;0.00;0.00;0.00;0.00;0.00;0.00;0.00;0.00;0.00;0.00;0.00;0.00;0.00
2022-03-25 05:14:00 ;0.00;206.00;-0.35;88.33;1001.61;0;0.00;0.00;86.80;192.75;3.21;0.00;0.00;0.00;0.00;0.00;0.00;0.00;0.00;0.00;0.00;0.00;0.00;0.00
2022-03-25 05:15:00 ;0.00;206.00;-0.15;87.92;1001.57;0;0.00;0.00;84.85;197.92;3.03;0.00;0.00;0.00;0.00;0.00;0.00;0.00;0.00;0.00;0.00;0.00;0.00;0.00
2022-03-25 05:16:00 ;0.00;206.00;0.02;87.21;1001.60;0;0.00;0.00;78.75;202.81;2.55;0.00;0.00;0.00;0.00;0.00;0.00;0.00;0.00;0.00;0.00;0.00;0.00;0.00
2022-03-25 05:17:00 ;0.00;206.00;0.03;86.32;1001.64;0;0.00;0.00;78.02;207.41;2.43;0.00;0.00;0.00;0.00;0.00;0.00;0.00;0.00;0.00;0.00;0.00;0.00;0.00
2022-03-25 05:18:00 ;0.00;206.00;0.17;85.65;1001.57;0;0.00;0.00;81.58;212.21;2.70;0.00;0.00;0.00;0.00;0.00;0.00;0.00;0.00;0.00;0.00;0.00;0.00;0.00
2022-03-25 05:19:00 ;0.00;206.00;0.30;85.22;1001.55;0;0.00;0.00;86.31;217.26;2.97;0.00;0.00;0.00;0.00;0.00;0.00;0.00;0.00;0.00;0.00;0.00;0.00;0.00
2022-03-25 05:20:00 ;0.00;206.00;0.36;84.81;1001.61;0;0.00;0.00;89.23;222.55;3.15;0.00;0.00;0.00;0.00;0.00;0.00;0.00;0.00;0.00;0.00;0.00;0.00;0.00
2022-03-25 05:21:00 ;0.00;206.00;0.56;84.26;1001.66;0;0.00;0.00;89.95;227.87;3.18;0.00;0.00;0.00;0.00;0.00;0.00;0.00;0.00;0.00;0.00;0.00;0.00;0.00
2022-03-25 05:22:00 ;0.00;206.00;0.64;83.79;1001.61;0;0.00;0.00;96.49;233.53;3.63;0.00;0.00;0.00;0.00;0.00;0.00;0.00;0.00;0.00;0.00;0.00;0.00;0.00
2022-03-25 05:23:00 ;0.00;206.00;0.84;83.23;1001.64;0;0.00;0.00;107.77;239.57;4.32;0.00;0.00;0.00;0.00;0.00;0.00;0.00;0.00;0.00;0.00;0.00;0.00;0.00
2022-03-25 05:24:00 ;0.00;206.00;0.98;82.65;1001.61;0;0.00;0.00;107.53;246.20;4.29;0.00;0.00;0.00;0.00;0.00;0.00;0.00;0.00;0.00;0.00;0.00;0.00;0.00
2022-03-25 05:25:00 ;0.00;206.00;1.12;82.03;1001.61;0;0.00;0.00;103.77;252.42;3.96;0.00;0.00;0.00;0.00;0.00;0.00;0.00;0.00;0.00;0.00;0.00;0.00;0.00
2022-03-25 05:26:01 ;0.00;206.00;1.20;81.25;1001.65;0;0.00;0.00;101.50;258.75;3.81;0.00;0.00;0.00;0.00;0.00;0.00;0.00;0.00;0.00;0.00;0.00;0.00;0.00
2022-03-25 05:27:00 ;0.00;206.00;1.36;80.55;1001.67;0;0.00;0.00;84.93;264.32;2.67;0.00;0.00;0.00;0.00;0.00;0.00;0.00;0.00;0.00;0.00;0.00;0.00;0.00
2022-03-25 05:28:00 ;0.00;206.00;1.42;80.32;1001.68;0;0.00;0.00;74.18;269.00;1.89;0.00;0.00;0.00;0.00;0.00;0.00;0.00;0.00;0.00;0.00;0.00;0.00;0.00
2022-03-25 05:29:00 ;0.00;206.00;1.34;79.92;1001.68;0;0.00;0.00;78.68;273.59;2.16;0.00;0.00;0.00;0.00;0.00;0.00;0.00;0.00;0.00;0.00;0.00;0.00;0.00
2022-03-25 05:30:00 ;0.00;206.00;1.44;80.05;1001.70;0;0.00;0.00;87.16;278.53;2.73;0.00;0.00;0.00;0.00;0.00;0.00;0.00;0.00;0.00;0.00;0.00;0.00;0.00
2022-03-25 05:31:00 ;0.00;206.00;1.47;79.98;1001.67;0;0.00;0.00;86.09;283.83;2.61;0.00;0.00;0.00;0.00;0.00;0.00;0.00;0.00;0.00;0.00;0.00;0.00;0.00
2022-03-25 05:32:00 ;0.00;206.00;1.44;79.67;1001.68;0;0.00;0.00;82.64;288.82;2.40;0.00;0.00;0.00;0.00;0.00;0.00;0.00;0.00;0.00;0.00;0.00;0.00;0.00
2022-03-25 05:33:00 ;0.00;206.00;1.53;79.62;1001.60;0;0.00;0.00;96.24;294.04;3.21;0.00;0.00;0.00;0.00;0.00;0.00;0.00;0.00;0.00;0.00;0.00;0.00;0.00
2022-03-25 05:34:00 ;0.00;206.00;1.64;79.60;1001.69;0;0.00;0.00;97.77;300.02;3.33;0.00;0.00;0.00;0.00;0.00;0.00;0.00;0.00;0.00;0.00;0.00;0.00;0.00
2022-03-25 05:35:00 ;0.00;206.00;1.86;79.73;1001.61;0;0.00;0.00;75.32;305.15;1.80;0.00;0.00;0.00;0.00;0.00;0.00;0.00;0.00;0.00;0.00;0.00;0.00;0.00
2022-03-25 05:36:00 ;0.00;206.00;1.74;79.37;1001.79;0;0.00;0.00;71.62;309.51;1.56;0.00;0.00;0.00;0.00;0.00;0.00;0.00;0.00;0.00;0.00;0.00;0.00;0.00
2022-03-25 05:37:00 ;0.00;206.00;1.75;79.12;1001.73;0;0.00;0.00;85.01;314.07;2.40;0.00;0.00;0.00;0.00;0.00;0.00;0.00;0.00;0.00;0.00;0.00;0.00;0.00
2022-03-25 05:38:00 ;0.00;206.00;1.79;79.01;1001.71;0;0.00;0.00;96.15;319.60;3.09;0.00;0.00;0.00;0.00;0.00;0.00;0.00;0.00;0.00;0.00;0.00;0.00;0.00
2022-03-25 05:39:00 ;0.00;206.00;2.05;78.73;1001.72;0;0.00;0.00;110.31;325.65;3.96;0.00;0.00;0.00;0.00;0.00;0.00;0.00;0.00;0.00;0.00;0.00;0.00;0.00
2022-03-25 05:40:01 ;0.00;206.00;2.30;78.19;1001.77;0;0.00;0.00;107.79;332.38;3.81;0.00;0.00;0.00;0.00;0.00;0.00;0.00;0.00;0.00;0.00;0.00;0.00;0.00
2022-03-25 05:41:00 ;0.00;206.00;2.34;77.16;1001.70;0;0.00;0.00;97.90;338.53;3.18;0.00;0.00;0.00;0.00;0.00;0.00;0.00;0.00;0.00;0.00;0.00;0.00;0.00
2022-03-25 05:42:00 ;0.00;206.00;2.54;76.68;1001.72;0;0.00;0.00;101.00;344.48;3.33;0.00;0.00;0.00;0.00;0.00;0.00;0.00;0.00;0.00;0.00;0.00;0.00;0.00
2022-03-25 05:43:00 ;0.00;206.00;2.61;76.32;1001.71;0;0.00;0.00;91.63;350.19;2.73;0.00;0.00;0.00;0.00;0.00;0.00;0.00;0.00;0.00;0.00;0.00;0.00;0.00
2022-03-25 05:44:00 ;0.00;206.00;2.80;75.96;1001.75;0;0.00;0.00;90.37;355.60;2.58;0.00;0.00;0.00;0.00;0.00;0.00;0.00;0.00;0.00;0.00;0.00;0.00;0.00
2022-03-25 05:45:00 ;0.00;206.00;2.81;75.67;1001.79;0;0.00;0.00;88.47;361.06;2.49;0.00;0.00;0.00;0.00;0.00;0.00;0.00;0.00;0.00;0.00;0.00;0.00;0.00
2022-03-25 05:46:00 ;0.00;206.00;2.87;75.12;1001.85;0;0.00;0.00;77.81;365.96;1.80;0.00;0.00;0.00;0.00;0.00;0.00;0.00;0.00;0.00;0.00;0.00;0.00;0.00
2022-03-25 05:47:00 ;0.00;206.00;2.87;74.98;1001.79;0;0.00;0.00;79.16;370.74;1.86;0.00;0.00;0.00;0.00;0.00;0.00;0.00;0.00;0.00;0.00;0.00;0.00;0.00
2022-03-25 05:48:00 ;0.00;206.00;2.88;75.17;1001.78;0;0.00;0.00;79.66;375.44;1.92;0.00;0.00;0.00;0.00;0.00;0.00;0.00;0.00;0.00;0.00;0.00;0.00;0.00
2022-03-25 05:49:00 ;0.00;206.00;2.96;75.35;1001.80;0;0.00;0.00;86.22;380.39;2.25;0.00;0.00;0.00;0.00;0.00;0.00;0.00;0.00;0.00;0.00;0.00;0.00;0.00
2022-03-25 05:50:00 ;0.00;206.00;3.01;75.22;1001.85;0;0.00;0.00;87.60;385.57;2.37;0.00;0.00;0.00;0.00;0.00;0.00;0.00;0.00;0.00;0.00;0.00;0.00;0.00
2022-03-25 05:51:00 ;0.00;206.00;3.01;74.96;1001.86;0;0.00;0.00;90.87;390.97;2.55;0.00;0.00;0.00;0.00;0.00;0.00;0.00;0.00;0.00;0.00;0.00;0.00;0.00
2022-03-25 05:52:00 ;0.00;206.00;3.20;74.59;1001.94;0;0.00;0.00;97.42;396.64;2.91;0.00;0.25;0.00;207.00;207.00;0.00;0.00;0.01;0.25;0.00;207.00;207.00;0.00
2022-03-25 05:53:00 ;0.00;206.00;3.31;74.04;1001.79;0;0.00;0.00;92.10;402.28;2.58;0.00;0.25;0.00;207.00;207.00;0.00;0.00;0.01;0.25;0.00;207.00;207.00;0.00
2022-03-25 05:54:00 ;0.00;206.00;3.44;72.97;1001.85;0;0.00;0.00;88.50;407.74;2.34;0.00;0.25;0.00;207.00;207.00;0.00;0.00;0.00;0.00;0.00;0.00;0.00;0.00
2022-03-25 05:55:00 ;0.00;206.00;3.50;72.36;1001.79;0;0.00;0.00;83.73;412.91;2.04;0.00;0.25;0.00;207.00;207.00;0.00;0.00;0.00;0.00;0.00;0.00;0.00;0.00
2022-03-25 05:56:00 ;0.00;206.00;3.61;71.51;1001.84;0;0.00;0.00;85.63;417.98;2.16;0.00;0.27;0.00;207.00;207.00;0.00;0.00;0.00;0.27;0.00;207.00;207.00;0.00
2022-03-25 05:57:00 ;0.00;206.00;3.74;70.80;1001.84;0;0.00;0.00;90.35;423.27;2.40;0.00;0.27;0.00;207.00;207.00;0.00;0.00;0.00;0.27;0.00;207.00;207.00;0.00
2022-03-25 05:58:00 ;0.00;206.00;3.88;70.18;1001.73;0;0.00;0.00;89.06;428.70;2.37;0.00;0.27;0.00;207.00;207.00;0.00;0.00;0.00;0.00;0.00;0.00;0.00;0.00
2022-03-25 05:59:00 ;0.00;206.00;3.96;70.02;1001.88;0;0.00;0.00;109.15;434.63;3.42;0.00;0.27;0.00;207.00;207.00;0.00;0.00;0.00;0.00;0.00;0.00;0.00;0.00
2022-03-25 06:00:00 ;0.35;206.00;4.14;69.63;1001.85;0;0.00;0.00;125.66;441.60;4.44;0.01;0.38;0.00;207.00;207.00;0.00;0.36;0.06;0.38;0.00;207.00;207.00;0.00
2022-03-25 06:01:00 ;0.00;206.00;4.26;68.77;1001.88;0;0.00;0.00;123.97;449.33;4.32;0.02;0.43;0.00;207.00;207.00;0.00;0.00;0.09;0.43;0.00;207.00;207.00;0.00
2022-03-25 06:02:00 ;0.00;206.00;4.71;68.07;1001.98;0;0.00;0.00;125.25;456.77;4.35;0.03;0.43;0.00;207.00;207.00;0.00;0.27;0.08;0.43;0.00;207.00;207.00;0.00
2022-03-25 06:03:01 ;0.00;206.00;4.79;67.78;1001.90;0;0.00;0.00;127.19;464.59;4.38;0.03;0.43;0.00;207.00;207.00;0.00;0.00;0.06;0.34;0.00;207.00;207.00;0.00
2022-03-25 06:04:00 ;0.00;206.00;4.98;67.66;1001.89;0;0.00;0.00;128.73;472.16;4.56;0.03;0.43;0.00;207.00;207.00;0.00;0.00;0.01;0.27;0.00;207.00;207.00;0.00
2022-03-25 06:05:00 ;0.00;206.00;5.05;66.58;1001.96;0;0.00;0.00;126.93;479.74;4.41;0.03;0.43;0.00;207.00;207.00;0.00;0.00;0.00;0.00;0.00;0.00;0.00;0.00
2022-03-25 06:06:00 ;0.00;206.00;5.12;65.84;1001.93;0;0.00;0.00;137.27;487.65;4.95;0.03;0.43;0.00;207.00;207.00;0.00;0.00;0.00;0.00;0.00;0.00;0.00;0.00
2022-03-25 06:07:00 ;0.00;206.00;5.53;65.50;1001.91;0;0.00;0.00;132.11;495.96;4.62;0.03;0.43;0.00;207.00;207.00;0.00;0.00;0.00;0.00;0.00;0.00;0.00;0.00
2022-03-25 06:08:00 ;0.00;206.00;5.65;64.65;1001.93;0;0.00;0.00;121.34;503.41;3.99;0.03;0.43;0.00;207.00;207.00;0.00;0.00;0.00;0.00;0.00;0.00;0.00;0.00
2022-03-25 06:09:00 ;0.29;206.00;5.70;64.14;1001.90;0;0.00;0.00;112.57;510.44;3.51;0.03;0.43;0.00;207.00;207.00;0.00;0.00;0.02;0.28;0.00;207.00;207.00;0.00
2022-03-25 06:10:00 ;0.27;206.00;5.82;63.54;1001.93;0;0.00;0.00;115.46;517.08;3.66;0.03;0.43;0.00;207.00;207.00;0.00;0.29;0.07;0.37;0.00;207.00;207.00;181.00
2022-03-25 06:11:00 ;0.50;131.00;6.02;62.77;1001.94;0;0.00;0.00;127.76;524.42;4.32;0.05;0.67;0.00;183.00;129.00;0.00;0.66;0.19;0.67;0.00;173.00;129.00;181.00
2022-03-25 06:12:00 ;0.69;133.00;6.20;61.99;1001.98;0;0.00;0.00;138.45;532.40;4.86;0.09;0.72;0.00;152.00;133.00;0.00;0.71;0.39;0.72;0.00;142.00;133.00;181.00
2022-03-25 06:13:00 ;0.00;133.00;6.33;61.22;1001.95;0;0.00;0.00;138.14;540.83;4.89;0.12;0.72;0.00;146.00;133.00;0.00;0.00;0.42;0.72;0.00;131.00;133.00;179.00
2022-03-25 06:14:00 ;0.28;133.00;6.64;60.73;1001.93;0;0.00;0.00;148.11;549.18;5.37;0.14;0.72;0.00;144.00;133.00;181.00;0.27;0.28;0.69;0.00;133.00;133.00;179.00
2022-03-25 06:15:00 ;0.50;130.00;6.78;60.44;1002.06;0;0.00;0.00;163.25;558.53;6.12;0.17;0.72;0.00;142.00;133.00;179.00;0.48;0.26;0.64;0.00;132.00;133.00;179.00
2022-03-25 06:16:00 ;0.34;126.00;7.06;59.47;1002.02;0;0.00;0.00;174.75;568.68;6.69;0.21;0.72;0.00;139.00;133.00;179.00;0.33;0.34;0.65;0.00;129.00;127.00;179.00
2022-03-25 06:17:00 ;0.38;126.00;7.33;58.60;1002.02;0;0.00;0.00;193.12;579.90;7.59;0.23;0.72;0.00;138.00;133.00;179.00;0.40;0.31;0.65;0.00;127.00;127.00;179.00
2022-03-25 06:18:00 ;0.00;126.00;7.77;57.75;1002.02;0;0.00;0.00;207.04;591.69;8.22;0.25;0.72;0.00;136.00;133.00;179.00;0.00;0.23;0.43;0.00;126.00;126.00;179.00
2022-03-25 06:19:00 ;0.28;126.00;7.96;56.95;1002.08;0;0.00;0.00;212.87;604.51;8.37;0.25;0.72;0.00;135.00;133.00;179.00;0.28;0.13;0.41;0.00;126.00;126.00;179.00
2022-03-25 06:20:00 ;0.00;126.00;8.20;55.74;1002.08;0;0.00;0.00;216.74;617.16;8.46;0.27;0.72;0.00;133.00;133.00;179.00;0.00;0.12;0.43;0.00;126.00;126.00;179.00
2022-03-25 06:21:00 ;0.00;126.00;8.47;55.15;1002.19;0;0.00;0.00;222.70;630.32;8.55;0.26;0.72;0.00;129.00;133.00;179.00;0.00;0.18;0.43;0.00;126.00;126.00;179.00
2022-03-25 06:22:00 ;0.00;126.00;8.68;54.28;1002.12;0;0.00;0.00;226.37;643.78;8.64;0.21;0.69;0.00;129.00;133.00;179.00;0.00;0.07;0.36;0.00;125.00;126.00;0.00
2022-03-25 06:23:00 ;0.00;126.00;8.99;52.90;1002.11;0;0.00;0.00;229.85;657.68;8.70;0.18;0.65;0.00;128.00;127.00;179.00;0.00;0.02;0.38;0.00;126.00;126.00;0.00
2022-03-25 06:24:00 ;0.93;86.00;9.18;53.02;1002.16;0;0.00;0.00;234.88;671.40;8.79;0.19;1.05;0.00;119.00;82.00;0.00;0.94;0.23;1.05;0.00;90.00;82.00;0.00
2022-03-25 06:25:00 ;0.67;45.00;9.29;51.47;1002.16;0;0.00;0.00;240.45;685.65;8.91;0.22;1.64;0.00;94.00;58.00;0.00;0.82;0.66;1.64;0.00;63.00;58.00;0.00
2022-03-25 06:26:00 ;0.68;59.00;9.60;51.22;1002.12;0;0.00;0.00;243.94;700.17;8.97;0.22;1.64;0.00;82.00;58.00;0.00;0.77;0.66;1.64;0.00;52.00;58.00;0.00
2022-03-25 06:27:00 ;0.72;50.00;9.74;52.02;1002.05;0;0.00;0.00;248.30;714.93;9.06;0.25;1.64;0.00;73.00;58.00;0.00;0.81;0.40;1.08;0.00;51.00;55.00;0.00
2022-03-25 06:28:00 ;0.00;292.00;9.99;49.63;1002.17;0;0.00;0.00;250.12;729.88;9.12;0.23;1.64;0.00;63.00;58.00;0.00;0.00;0.26;1.21;0.00;28.00;310.00;0.00
2022-03-25 06:29:00 ;0.91;46.00;10.25;49.62;1002.09;0;0.00;0.00;253.16;744.98;9.18;0.27;1.64;0.00;60.00;58.00;0.00;1.13;0.26;1.21;0.00;22.00;310.00;0.00
2022-03-25 06:30:00 ;0.79;65.00;10.29;48.92;1002.13;0;0.00;0.00;257.41;760.30;9.27;0.33;1.64;0.00;56.00;58.00;0.00;0.72;0.54;1.47;0.00;53.00;52.00;0.00
2022-03-25 06:31:00 ;0.00;56.00;10.47;49.82;1002.21;0;0.00;0.00;259.46;775.77;9.33;0.33;1.64;0.00;54.00;58.00;0.00;0.00;0.38;1.47;0.00;60.00;52.00;0.00
2022-03-25 06:32:01 ;0.77;211.00;10.60;47.45;1002.28;0;0.00;0.00;263.19;791.73;9.39;0.34;1.64;0.00;55.00;58.00;0.00;0.86;0.07;0.86;0.00;89.00;186.00;0.00
2022-03-25 06:33:00 ;0.00;224.00;10.54;45.98;1002.28;0;0.00;0.00;265.89;807.31;9.42;0.29;1.64;0.00;61.00;58.00;0.00;0.00;0.28;1.27;0.00;190.00;213.00;0.00
2022-03-25 06:34:00 ;0.46;168.00;10.81;47.01;1002.28;0;0.00;0.00;269.47;823.37;9.51;0.25;1.64;0.00;58.00;58.00;0.00;0.22;0.31;1.27;0.00;194.00;213.00;0.00
2022-03-25 06:35:00 ;0.26;220.00;11.06;44.21;1002.30;0;0.00;0.00;272.74;839.63;9.57;0.15;1.47;0.00;65.00;52.00;0.00;0.20;0.08;0.81;0.00;187.00;154.00;0.00
2022-03-25 06:36:00 ;0.91;46.00;11.18;44.69;1002.27;0;0.00;0.00;275.34;856.06;9.63;0.12;1.47;0.00;70.00;52.00;0.00;0.98;0.05;1.12;0.00;165.00;44.00;181.00
2022-03-25 06:37:00 ;0.00;64.00;11.27;44.22;1002.36;0;0.00;0.00;276.81;872.62;9.63;0.11;1.47;0.00;68.00;52.00;0.00;0.00;0.21;1.14;0.00;48.00;40.00;181.00
2022-03-25 06:38:00 ;0.00;55.00;11.33;43.94;1002.33;0;0.00;0.00;280.24;889.35;9.69;0.15;1.47;0.00;74.00;52.00;0.00;0.00;0.38;1.14;0.00;51.00;40.00;0.00
2022-03-25 06:39:00 ;0.43;164.00;11.42;42.93;1002.33;0;0.00;0.00;270.44;906.00;9.24;0.13;1.47;0.00;86.00;52.00;0.00;0.61;0.21;0.84;0.00;70.00;47.00;0.00
2022-03-25 06:40:00 ;2.07;327.00;11.70;42.42;1002.30;0;0.00;0.00;263.40;921.95;8.91;0.07;2.07;0.00;102.00;339.00;0.00;1.71;0.05;2.07;0.00;51.00;339.00;0.00
2022-03-25 06:41:00 ;0.48;274.00;11.55;40.96;1002.34;0;0.00;0.00;280.31;938.25;9.51;0.05;2.07;0.00;8.00;339.00;0.00;1.07;0.48;2.07;0.00;327.00;339.00;0.00
2022-03-25 06:42:00 ;0.82;275.00;11.67;40.76;1002.39;0;0.00;0.00;270.42;955.15;9.09;0.05;2.07;0.00;341.00;339.00;0.00;0.73;0.46;1.74;0.00;310.00;330.00;0.00
2022-03-25 06:43:00 ;1.30;316.00;11.70;40.06;1002.42;0;0.00;0.00;248.37;970.75;8.16;0.16;2.07;0.00;327.00;339.00;0.00;1.05;0.52;1.96;0.00;283.00;305.00;0.00
2022-03-25 06:44:00 ;0.00;243.00;11.68;40.42;1002.31;0;0.00;0.00;249.37;985.40;8.22;0.22;2.07;0.00;319.00;339.00;181.00;0.00;0.77;1.96;0.00;292.00;305.00;181.00
2022-03-25 06:45:00 ;0.30;139.00;11.80;42.00;1002.29;0;0.00;0.00;243.42;1000.19;7.92;0.22;2.07;0.00;319.00;339.00;181.00;0.38;0.34;1.34;0.00;289.00;318.00;181.00
2022-03-25 06:46:00 ;1.13;16.00;11.82;41.51;1002.41;0;0.00;0.00;207.21;1013.81;6.48;0.25;2.07;0.00;326.00;339.00;181.00;1.21;0.17;1.58;0.00;6.00;26.00;0.00
2022-03-25 06:47:00 ;1.26;224.00;11.78;41.97;1002.39;0;0.00;0.00;185.06;1025.85;5.58;0.26;2.07;0.00;315.00;339.00;181.00;1.19;0.21;1.58;0.00;358.00;26.00;0.00
2022-03-25 06:48:00 ;1.78;276.00;11.44;40.56;1002.34;0;0.00;0.00;209.79;1037.51;6.48;0.35;3.04;0.00;279.00;224.00;181.00;2.07;0.89;3.04;0.00;234.00;224.00;0.00
2022-03-25 06:49:00 ;0.00;301.00;11.27;41.47;1002.39;0;0.00;0.00;206.80;1050.23;6.39;0.43;3.04;0.00;282.00;224.00;181.00;0.39;1.10;3.04;0.00;248.00;224.00;0.00
2022-03-25 06:50:00 ;1.14;322.00;11.30;42.53;1002.41;0;0.00;0.00;174.68;1061.28;5.10;0.48;3.04;0.00;282.00;224.00;181.00;1.15;0.65;1.86;0.00;294.00;285.00;0.00
2022-03-25 06:51:00 ;0.93;311.00;11.35;43.94;1002.34;0;0.00;0.00;182.30;1072.03;5.34;0.49;3.04;0.00;284.00;224.00;181.00;0.69;0.75;1.86;0.00;316.00;285.00;0.00
2022-03-25 06:52:00 ;1.09;345.00;11.49;44.06;1002.41;0;0.00;0.00;172.94;1082.66;4.98;0.50;3.04;0.00;289.00;224.00;181.00;1.07;0.69;1.59;0.00;329.00;313.00;0.00
2022-03-25 06:53:00 ;0.68;311.00;11.39;44.47;1002.43;0;0.00;0.00;155.12;1092.43;4.32;0.46;3.04;0.00;294.00;224.00;181.00;0.82;0.52;1.27;0.00;333.00;338.00;0.00
2022-03-25 06:54:00 ;0.00;302.00;11.42;44.18;1002.44;0;0.00;0.00;193.30;1102.79;5.82;0.44;3.04;0.00;300.00;224.00;0.00;0.09;0.65;1.62;0.00;337.00;330.00;0.00
2022-03-25 06:55:00 ;0.96;344.00;11.58;44.77;1002.44;0;0.00;0.00;219.94;1115.26;6.72;0.46;3.04;0.00;307.00;224.00;0.00;1.34;0.58;1.62;0.00;353.00;330.00;0.00
2022-03-25 06:56:00 ;0.00;338.00;11.58;42.58;1002.45;0;0.00;0.00;197.75;1127.93;5.88;0.51;3.04;0.00;308.00;224.00;0.00;0.00;0.65;1.89;0.00;351.00;336.00;0.00
2022-03-25 06:57:00 ;0.93;1.00;11.60;41.84;1002.38;0;0.00;0.00;154.66;1138.29;4.20;0.59;3.04;0.00;313.00;224.00;0.00;1.37;0.88;1.89;0.00;341.00;336.00;0.00
2022-03-25 06:58:01 ;0.67;59.00;11.44;42.50;1002.44;0;0.00;0.00;157.73;1147.69;4.32;0.65;1.89;0.00;334.00;336.00;0.00;0.50;0.82;1.69;0.00;353.00;346.00;0.00
2022-03-25 06:59:00 ;1.15;15.00;11.39;42.27;1002.43;0;0.00;0.00;187.32;1157.94;5.43;0.65;2.03;0.00;347.00;13.00;0.00;0.95;0.86;2.03;0.00;25.00;13.00;0.00
2022-03-25 07:00:00 ;1.67;45.00;11.33;42.82;1002.44;0;0.00;0.00;243.77;1170.96;7.59;0.72;2.39;0.00;356.00;49.00;0.00;2.17;1.11;2.39;0.00;30.00;49.00;0.00
2022-03-25 07:01:00 ;1.07;14.00;11.42;42.62;1002.45;0;0.00;0.00;252.19;1186.51;7.86;0.77;2.39;0.00;2.00;49.00;0.00;1.05;1.27;2.39;0.23;18.00;49.00;45.00
2022-03-25 07:02:00 ;1.04;337.00;11.63;42.24;1002.42;0;0.00;0.00;230.37;1200.67;7.02;0.81;2.39;0.00;4.00;49.00;0.00;1.04;1.04;2.32;0.00;11.00;7.00;0.00
2022-03-25 07:03:00 ;1.31;18.00;11.76;40.50;1002.37;0;0.00;0.00;213.30;1213.68;6.30;0.85;2.39;0.00;3.00;49.00;0.00;0.93;0.85;1.98;0.00;350.00;332.00;0.00
2022-03-25 07:04:00 ;0.25;320.00;11.80;42.06;1002.44;0;0.00;0.00;208.15;1226.34;6.15;0.82;2.39;0.00;4.00;49.00;0.00;0.09;0.71;1.98;0.00;341.00;332.00;0.00
2022-03-25 07:05:00 ;1.21;313.00;11.80;40.06;1002.45;0;0.00;0.00;210.33;1239.20;6.18;0.82;2.39;0.00;0.00;49.00;0.00;1.42;0.56;1.61;0.00;323.00;272.00;0.00
2022-03-25 07:06:00 ;2.06;283.00;11.73;40.06;1002.45;0;0.00;0.00;199.79;1251.47;5.76;0.83;2.39;0.00;356.00;49.00;0.00;1.89;1.00;2.12;0.00;312.00;282.00;0.00
2022-03-25 07:07:00 ;0.00;347.00;11.71;40.55;1002.47;0;0.00;0.00;190.79;1263.09;5.46;0.76;2.39;0.00;352.00;49.00;0.00;0.41;0.97;2.12;0.00;300.00;282.00;0.00
2022-03-25 07:08:00 ;0.00;86.00;11.74;40.58;1002.43;0;0.00;0.00;175.20;1273.97;4.86;0.70;2.39;0.00;349.00;49.00;0.00;0.11;0.57;2.12;0.00;285.00;282.00;0.00
2022-03-25 07:09:00 ;1.74;336.00;11.81;40.04;1002.45;0;0.00;0.00;180.43;1284.62;5.01;0.68;2.39;0.00;343.00;49.00;0.00;1.71;0.31;1.83;0.00;339.00;4.00;0.00
2022-03-25 07:10:00 ;0.32;341.00;11.76;38.58;1002.48;0;0.00;0.00;156.66;1294.89;4.17;0.73;2.32;0.00;338.00;7.00;0.00;0.64;0.88;1.98;0.00;357.00;0.00;0.00
2022-03-25 07:11:00 ;0.84;333.00;11.70;39.71;1002.47;0;0.00;0.00;163.44;1304.75;4.47;0.69;2.12;0.00;329.00;282.00;0.00;0.78;0.99;1.98;0.00;338.00;0.00;0.00
2022-03-25 07:12:00 ;2.12;346.00;11.76;39.21;1002.46;0;0.00;0.00;182.44;1315.09;5.01;0.74;2.78;0.00;332.00;347.00;0.00;2.54;0.92;2.78;0.00;350.00;347.00;0.00
2022-03-25 07:13:00 ;1.31;50.00;11.65;39.46;1002.47;0;0.00;0.00;170.14;1325.28;4.56;0.73;2.78;0.00;334.00;347.00;0.00;1.11;1.16;2.78;0.00;2.00;347.00;0.00
2022-03-25 07:14:00 ;1.79;58.00;11.71;39.78;1002.49;0;0.00;0.00;178.19;1335.86;4.95;0.69;2.78;0.00;344.00;347.00;0.00;1.51;0.93;2.69;0.00;35.00;347.00;0.00
2022-03-25 07:15:00 ;1.62;1.00;11.64;39.21;1002.46;0;0.00;0.00;217.81;1347.67;6.30;0.82;3.97;0.00;357.00;33.00;0.00;1.71;1.63;3.97;0.41;39.00;33.00;73.00
2022-03-25 07:16:00 ;1.25;333.00;11.77;39.62;1002.48;0;0.00;0.00;273.58;1362.10;8.25;0.79;3.97;0.00;359.00;33.00;0.00;0.58;1.29;3.97;0.00;6.00;33.00;0.00
2022-03-25 07:17:00 ;0.00;252.00;11.92;38.05;1002.43;0;0.00;0.00;260.08;1378.02;7.77;0.85;3.97;0.00;1.00;33.00;0.00;0.49;0.81;1.93;0.00;325.00;336.00;0.00
2022-03-25 07:18:00 ;0.00;323.00;12.02;38.11;1002.45;0;0.00;0.00;221.78;1392.55;6.42;0.87;3.97;0.00;2.00;33.00;0.00;0.00;0.62;1.93;0.00;335.00;336.00;181.00
2022-03-25 07:19:00 ;0.28;64.00;12.12;37.75;1002.43;0;0.00;0.00;194.77;1405.11;5.43;0.85;3.97;0.00;5.00;33.00;0.00;0.91;0.31;1.39;0.00;28.00;52.00;181.00
2022-03-25 07:20:00 ;1.63;32.00;12.11;37.74;1002.47;0;0.00;0.00;193.67;1416.69;5.43;0.83;3.97;0.00;12.00;33.00;0.00;1.57;0.88;2.73;0.00;49.00;39.00;0.00
2022-03-25 07:21:00 ;1.29;21.00;12.16;38.73;1002.46;0;0.00;0.00;204.68;1428.54;5.76;0.93;3.97;0.00;18.00;33.00;0.00;1.68;1.29;2.73;0.00;33.00;39.00;0.00
2022-03-25 07:22:00 ;1.85;283.00;12.26;37.19;1002.47;0;0.00;0.00;163.80;1439.99;4.38;0.87;3.97;0.00;11.00;33.00;0.00;1.71;1.12;2.31;0.53;351.00;0.00;341.00
2022-03-25 07:23:01 ;0.27;13.00;12.28;38.10;1002.52;0;0.00;0.00;125.64;1448.73;2.94;0.79;3.97;0.00;10.00;33.00;0.00;0.79;0.90;2.31;0.00;313.00;0.00;0.00
2022-03-25 07:24:00 ;1.32;284.00;12.20;37.66;1002.45;0;0.00;0.00;128.00;1456.22;3.03;0.75;3.97;0.00;0.00;33.00;0.00;1.05;0.40;1.72;0.00;308.00;292.00;0.00
2022-03-25 07:25:00 ;1.61;283.00;12.05;37.90;1002.43;0;0.00;0.00;131.12;1464.29;3.09;0.56;2.73;0.00;338.00;39.00;0.00;1.73;0.81;2.43;0.00;269.00;243.00;0.00
2022-03-25 07:26:00 ;0.38;329.00;11.90;38.47;1002.46;0;0.00;0.00;117.62;1471.39;2.67;0.58;2.73;0.00;338.00;39.00;0.00;0.10;1.01;2.43;0.00;283.00;243.00;0.00
2022-03-25 07:27:00 ;0.33;100.00;11.92;37.94;1002.50;0;0.00;0.00;132.53;1479.01;3.18;0.48;2.73;0.00;344.00;39.00;0.00;0.22;0.34;2.17;0.00;346.00;311.00;0.00
2022-03-25 07:28:00 ;0.35;136.00;11.99;38.27;1002.46;0;0.00;0.00;175.90;1488.26;4.59;0.43;2.73;0.00;346.00;39.00;0.00;0.91;0.30;1.33;0.00;102.00;105.00;0.00
2022-03-25 07:29:00 ;0.00;71.00;11.95;38.48;1002.45;0;0.00;0.00;172.29;1499.18;4.62;0.42;2.73;0.00;342.00;39.00;0.00;0.25;0.18;1.01;0.00;100.00;130.00;0.00
2022-03-25 07:30:00 ;1.72;259.00;12.16;38.73;1002.39;0;0.00;0.00;120.22;1507.62;2.73;0.40;2.43;0.00;322.00;243.00;0.00;1.40;0.06;1.64;0.00;325.00;263.00;0.00
2022-03-25 07:31:01 ;0.42;300.00;12.25;37.48;1002.40;0;0.00;0.00;114.89;1514.64;2.52;0.48;2.66;0.00;301.00;324.00;0.00;1.10;0.78;2.66;0.00;296.00;324.00;0.00
2022-03-25 07:32:00 ;1.51;350.00;12.09;37.62;1002.45;0;0.00;0.00;110.24;1521.24;2.37;0.41;2.66;0.00;296.00;324.00;0.00;2.28;0.91;2.66;0.00;299.00;324.00;181.00
2022-03-25 07:33:00 ;0.72;244.00;12.18;37.52;1002.41;0;0.00;0.00;143.78;1528.52;3.57;0.39;2.66;0.00;295.00;324.00;0.00;0.78;0.44;2.43;0.00;296.00;318.00;181.00
2022-03-25 07:34:00 ;1.88;31.00;12.06;37.66;1002.49;0;0.00;0.00;142.81;1537.40;3.48;0.43;2.66;0.00;283.00;324.00;181.00;1.40;0.60;1.92;0.00;255.00;231.00;181.00
2022-03-25 07:35:00 ;1.19;57.00;12.13;38.13;1002.52;0;0.00;0.00;119.07;1545.23;2.70;0.28;2.66;0.00;321.00;324.00;181.00;1.32;0.29;2.15;0.00;20.00;42.00;181.00
2022-03-25 07:36:00 ;0.85;75.00;12.25;38.10;1002.47;0;0.00;0.00;120.13;1552.43;2.64;0.18;2.66;0.00;342.00;324.00;181.00;0.72;1.03;2.15;0.00;53.00;42.00;0.00
2022-03-25 07:37:00 ;1.72;25.00;12.23;37.90;1002.39;0;0.00;0.00;117.02;1559.33;2.58;0.24;2.66;0.00;350.00;324.00;181.00;1.94;0.74;1.98;0.00;53.00;21.00;0.00
2022-03-25 07:38:00 ;0.71;32.00;12.36;36.72;1002.45;0;0.00;0.00;113.09;1566.22;2.43;0.34;2.66;0.00;357.00;324.00;181.00;0.78;0.92;2.25;0.00;32.00;26.00;0.00
2022-03-25 07:39:00 ;1.56;13.00;12.28;37.86;1002.37;0;0.00;0.00;127.37;1573.09;2.97;0.38;2.66;0.00;355.00;324.00;181.00;1.41;0.70;2.25;0.00;17.00;26.00;0.00
2022-03-25 07:40:00 ;2.93;47.00;12.35;37.02;1002.37;0;0.00;0.00;168.35;1582.18;4.26;0.45;2.89;0.00;11.00;40.00;181.00;2.66;0.74;2.89;0.00;44.00;40.00;0.00
2022-03-25 07:41:01 ;0.26;320.00;12.46;37.77;1002.42;0;0.00;0.00;236.97;1594.71;6.69;0.50;3.06;0.00;26.00;28.00;181.00;0.00;0.89;3.06;0.00;43.00;28.00;0.00
2022-03-25 07:42:00 ;0.45;204.00;12.87;37.72;1002.44;0;0.00;0.00;324.86;1612.23;9.69;0.50;3.06;0.00;33.00;28.00;181.00;0.48;0.34;3.06;0.00;13.00;28.00;0.00
2022-03-25 07:43:00 ;1.18;340.00;13.18;36.82;1002.49;0;0.00;0.00;364.75;1632.41;10.95;0.56;3.06;0.00;35.00;28.00;181.00;1.44;0.29;1.86;0.00;21.00;7.00;0.00
2022-03-25 07:44:00 ;1.66;20.00;13.35;34.98;1002.50;0;0.00;0.00;372.25;1654.67;11.16;0.76;3.06;0.00;36.00;28.00;0.00;1.38;0.82;2.03;0.00;21.00;45.00;181.00
2022-03-25 07:45:00 ;1.15;45.00;13.33;34.90;1002.49;0;0.00;0.00;324.38;1675.90;9.57;0.75;3.06;0.00;31.00;28.00;0.00;1.41;1.23;2.36;0.00;19.00;16.00;0.00
2022-03-25 07:46:00 ;1.79;36.00;13.33;35.07;1002.42;0;0.00;0.00;281.06;1693.79;8.13;0.86;3.06;0.00;30.00;28.00;0.00;1.82;1.50;2.55;0.00;30.00;34.00;0.00
2022-03-25 07:47:00 ;0.54;9.00;13.23;35.40;1002.46;0;0.00;0.00;256.25;1710.15;7.32;0.90;3.06;0.00;27.00;28.00;0.00;1.12;1.44;2.55;0.42;31.00;34.00;10.00
2022-03-25 07:48:00 ;2.10;23.00;13.40;35.93;1002.44;0;0.00;0.00;224.14;1723.97;6.21;0.86;3.06;0.00;25.00;28.00;0.00;2.50;0.95;2.72;0.00;13.00;21.00;181.00
2022-03-25 07:49:00 ;2.47;30.00;13.43;34.95;1002.48;0;0.00;0.00;228.60;1737.04;6.21;1.02;3.06;0.00;28.00;28.00;0.00;2.01;1.27;2.72;0.00;23.00;21.00;181.00
2022-03-25 07:50:00 ;0.93;210.00;13.32;35.35;1002.53;0;0.00;0.00;326.14;1753.61;9.57;1.00;3.06;0.00;23.00;28.00;0.00;1.18;1.42;2.63;0.29;25.00;56.00;283.00
2022-03-25 07:51:00 ;0.67;139.00;13.22;35.18;1002.48;0;0.00;0.00;316.53;1773.11;9.21;0.86;2.72;0.00;24.00;21.00;0.00;0.49;0.10;2.53;0.00;352.00;28.00;181.00
2022-03-25 07:52:01 ;1.42;28.00;13.51;35.04;1002.52;0;0.00;0.00;342.53;1793.00;10.08;0.89;2.72;0.00;26.00;21.00;0.00;1.46;0.27;1.49;0.00;157.00;21.00;0.00
2022-03-25 07:53:00 ;2.08;24.00;13.64;34.85;1002.46;0;0.00;0.00;339.34;1814.03;9.93;0.97;3.06;0.00;27.00;20.00;0.00;2.61;0.89;3.06;0.00;38.00;20.00;0.00
2022-03-25 07:54:00 ;1.22;22.00;13.83;34.22;1002.54;0;0.00;0.00;241.92;1830.73;6.81;1.00;3.06;0.00;25.00;20.00;0.00;1.29;1.35;3.06;0.00;20.00;20.00;0.00
2022-03-25 07:55:00 ;0.81;215.00;13.74;34.03;1002.47;0;0.00;0.00;269.96;1845.87;7.62;0.92;3.06;0.00;25.00;20.00;0.00;1.02;0.99;2.72;0.00;8.00;15.00;0.00
2022-03-25 07:56:00 ;0.00;218.00;13.73;34.30;1002.50;0;0.00;0.00;289.69;1863.32;8.22;0.74;3.06;0.00;22.00;20.00;0.00;0.09;0.24;2.72;0.00;0.00;15.00;0.00
2022-03-25 07:57:00 ;0.35;119.00;13.80;34.31;1002.57;0;0.00;0.00;258.65;1879.55;7.26;0.61;3.06;0.00;25.00;20.00;0.00;0.34;0.20;0.95;0.00;144.00;221.00;0.00
2022-03-25 07:58:00 ;1.11;293.00;13.88;34.40;1002.52;0;0.00;0.00;309.47;1896.29;8.85;0.55;3.06;0.00;26.00;20.00;0.00;0.68;0.08;1.59;0.00;144.00;289.00;0.00
2022-03-25 07:59:00 ;0.00;136.00;13.95;34.32;1002.53;0;0.00;0.00;298.02;1914.44;8.37;0.33;3.06;0.00;20.00;20.00;0.00;0.00;0.23;1.59;0.00;256.00;289.00;0.00
2022-03-25 08:00:00 ;1.58;270.00;13.95;33.60;1002.54;0;0.00;0.00;186.60;1928.96;4.89;0.28;3.06;0.00;6.00;20.00;0.00;1.49;0.50;2.37;0.00;296.00;320.00;0.00
2022-03-25 08:01:00 ;1.12;357.00;13.70;33.19;1002.52;0;0.00;0.00;226.06;1941.35;6.21;0.44;3.06;0.00;359.00;20.00;0.00;1.39;0.98;2.44;0.00;319.00;332.00;0.00
2022-03-25 08:02:00 ;1.90;33.00;13.58;33.46;1002.42;0;0.00;0.00;181.35;1953.95;4.59;0.57;3.58;0.00;357.00;353.00;0.00;2.43;1.20;3.58;0.00;350.00;353.00;0.00
2022-03-25 08:03:00 ;0.68;58.00;13.40;34.33;1002.46;0;0.00;0.00;178.60;1964.60;4.47;0.60;3.58;0.00;1.00;353.00;0.00;1.10;1.63;3.58;0.00;24.00;353.00;0.00
2022-03-25 08:04:00 ;1.50;303.00;13.49;34.91;1002.42;0;0.00;0.00;244.04;1976.74;6.72;0.49;3.58;0.00;357.00;353.00;0.00;2.15;1.00;2.93;0.00;29.00;26.00;0.00
2022-03-25 08:05:00 ;0.75;288.00;13.66;34.67;1002.49;0;0.00;0.00;301.44;1993.67;8.88;0.51;3.58;0.00;346.00;353.00;0.00;0.65;0.72;2.25;0.00;309.00;309.00;0.00
2022-03-25 08:06:00 ;1.86;44.00;13.71;33.16;1002.44;0;0.00;0.00;337.76;2013.02;9.72;0.62;3.58;0.00;353.00;353.00;0.00;2.04;0.92;2.60;0.34;344.00;37.00;300.00
2022-03-25 08:07:00 ;0.49;340.00;13.74;33.56;1002.42;0;0.00;0.00;259.39;2031.38;7.08;0.81;4.05;0.00;357.00;20.00;0.00;1.13;1.54;4.05;0.29;18.00;20.00;310.00
2022-03-25 08:08:00 ;1.21;24.00;13.80;33.67;1002.51;0;0.00;0.00;205.76;2045.05;5.28;0.93;4.05;0.00;0.00;20.00;0.00;1.00;1.58;4.05;0.29;18.00;20.00;310.00
2022-03-25 08:09:00 ;2.55;43.00;13.77;33.29;1002.40;0;0.00;0.00;192.87;2056.60;4.95;1.05;4.05;0.00;4.00;20.00;0.00;2.43;1.19;2.57;0.33;22.00;28.00;31.00
2022-03-25 08:10:00 ;0.98;49.00;13.80;33.25;1002.49;0;0.00;0.00;186.34;2068.02;4.68;1.10;4.05;0.00;7.00;20.00;0.00;0.58;1.07;2.51;0.00;14.00;42.00;0.00
2022-03-25 08:11:00 ;1.19;29.00;13.57;33.40;1002.53;0;0.00;0.00;219.66;2080.34;5.67;1.18;4.05;0.00;14.00;20.00;0.00;1.89;1.33;2.51;0.00;19.00;42.00;0.00
2022-03-25 08:12:00 ;0.29;58.00;13.77;33.49;1002.46;0;0.00;0.00;234.40;2094.71;6.21;1.10;4.05;0.00;17.00;20.00;0.00;0.33;1.19;2.40;0.00;36.00;34.00;0.00
2022-03-25 08:13:00 ;1.42;331.00;13.98;33.73;1002.49;0;0.00;0.00;230.23;2108.95;6.18;0.96;4.05;0.00;12.00;20.00;0.00;1.66;0.50;2.30;0.00;29.00;44.00;0.00
2022-03-25 08:14:00 ;2.38;259.00;14.09;33.18;1002.47;0;0.00;0.00;257.43;2123.66;7.05;0.99;4.05;0.00;9.00;20.00;0.00;2.50;0.66;3.07;0.00;322.00;249.00;0.00
2022-03-25 08:15:00 ;2.66;33.00;14.00;33.74;1002.52;0;0.00;0.00;260.12;2138.77;7.08;1.04;4.05;0.00;10.00;20.00;0.00;2.91;1.12;3.13;0.00;324.00;39.00;0.00
2022-03-25 08:16:00 ;0.70;48.00;13.87;33.16;1002.53;0;0.00;0.00;192.82;2151.93;4.74;1.04;4.05;0.00;8.00;20.00;0.00;0.84;1.22;3.96;0.00;343.00;2.00;0.00
2022-03-25 08:17:01 ;2.07;33.00;13.87;33.33;1002.56;0;0.00;0.00;176.01;2163.74;4.23;0.97;3.96;0.00;3.00;2.00;0.00;1.92;1.16;3.96;0.00;350.00;2.00;0.00
2022-03-25 08:18:00 ;0.99;21.00;13.88;32.88;1002.53;0;0.00;0.00;142.34;2173.16;3.00;0.94;3.96;0.00;3.00;2.00;0.00;1.38;1.05;2.17;0.00;5.00;318.00;0.00
2022-03-25 08:19:00 ;0.00;142.00;13.87;33.79;1002.50;0;0.00;0.00;173.16;2182.41;3.87;0.87;3.96;0.00;2.00;2.00;0.00;0.14;0.71;2.10;0.00;32.00;33.00;0.00
2022-03-25 08:20:00 ;0.69;241.00;13.81;33.15;1002.46;0;0.00;0.00;202.25;2194.08;4.65;0.75;3.96;0.00;2.00;2.00;0.00;0.63;0.14;1.24;0.00;70.00;36.00;0.00
2022-03-25 08:21:00 ;0.56;204.00;13.80;33.21;1002.53;0;0.00;0.00;225.87;2206.63;5.43;0.55;3.96;0.00;350.00;2.00;0.00;0.82;0.49;1.71;0.00;214.00;213.00;0.00
2022-03-25 08:22:00 ;2.39;304.00;14.07;35.04;1002.53;0;0.00;0.00;202.16;2219.79;4.59;0.54;3.96;0.00;336.00;2.00;0.00;2.11;0.68;2.71;0.00;244.00;305.00;181.00
2022-03-25 08:23:00 ;1.37;218.00;14.07;32.99;1002.54;0;0.00;0.00;195.49;2231.65;4.83;0.53;3.96;0.00;321.00;2.00;0.00;1.71;0.93;2.84;0.00;260.00;258.00;181.00
2022-03-25 08:24:00 ;3.52;239.00;13.83;32.42;1002.54;0;0.00;0.00;173.50;2243.38;4.56;0.51;4.09;0.00;288.00;227.00;0.00;3.70;2.09;4.09;0.00;236.00;227.00;181.00
2022-03-25 08:25:00 ;0.00;258.00;13.63;33.49;1002.45;0;0.00;0.00;166.31;2253.61;4.11;0.56;4.09;0.00;266.00;227.00;181.00;0.00;2.24;4.09;0.00;233.00;227.00;181.00
2022-03-25 08:26:00 ;2.10;308.00;13.73;33.61;1002.51;0;0.00;0.00;149.31;2262.78;3.36;0.63;4.09;0.00;256.00;227.00;181.00;2.60;1.00;3.45;0.00;247.00;221.00;0.00
2022-03-25 08:27:00 ;0.90;335.00;13.70;33.64;1002.54;0;0.00;0.00;155.97;2271.76;3.90;0.74;4.09;0.00;249.00;227.00;181.00;1.61;0.83;3.03;0.00;268.00;294.00;0.00
2022-03-25 08:28:00 ;2.12;20.00;13.66;33.46;1002.50;0;0.00;0.00;170.44;2281.66;4.38;0.81;4.09;0.00;248.00;227.00;181.00;2.01;0.71;2.91;0.00;293.00;269.00;0.00
2022-03-25 08:29:00 ;0.44;113.00;13.70;33.19;1002.50;0;0.00;0.00;207.96;2293.09;6.00;0.83;4.09;0.00;250.00;227.00;181.00;0.77;0.50;2.28;0.00;351.00;21.00;0.00
2022-03-25 08:30:00 ;1.68;51.00;13.97;33.25;1002.49;0;0.00;0.00;289.89;2308.33;8.46;0.81;4.09;0.00;251.00;227.00;181.00;1.65;0.26;2.16;0.00;12.00;7.00;181.00
2022-03-25 08:31:00 ;2.05;13.00;14.00;32.57;1002.47;0;0.00;0.00;316.90;2326.76;9.03;0.63;4.09;0.00;259.00;227.00;181.00;2.20;0.68;2.60;0.00;48.00;355.00;181.00
2022-03-25 08:32:00 ;1.87;39.00;14.15;31.92;1002.50;0;0.00;0.00;314.33;2345.37;9.00;0.50;4.09;0.00;267.00;227.00;181.00;1.70;1.17;2.68;0.37;38.00;26.00;49.00
2022-03-25 08:33:00 ;2.08;32.00;14.22;32.39;1002.50;0;0.00;0.00;336.43;2364.54;9.72;0.32;4.09;0.00;292.00;227.00;181.00;2.05;1.26;2.68;0.00;33.00;26.00;0.00
2022-03-25 08:34:00 ;2.96;28.00;14.35;33.13;1002.46;0;0.00;0.00;369.47;2385.62;10.59;0.41;3.45;0.00;0.00;221.00;181.00;2.11;1.32;2.58;0.00;39.00;24.00;0.00
2022-03-25 08:35:00 ;0.40;8.00;14.26;31.99;1002.48;0;0.00;0.00;293.97;2406.61;8.22;0.67;3.03;0.00;21.00;294.00;181.00;0.67;1.50;2.88;0.31;38.00;33.00;34.00
2022-03-25 08:36:00 ;2.07;338.00;14.64;32.46;1002.47;0;0.00;0.00;208.30;2421.46;5.13;0.78;2.91;0.00;22.00;269.00;0.00;2.17;1.23;2.88;0.00;24.00;33.00;0.00
2022-03-25 08:37:00 ;1.47;191.00;14.63;32.11;1002.43;0;0.00;0.00;182.80;2432.33;4.32;0.71;2.88;0.00;27.00;33.00;0.00;1.55;0.41;2.56;0.00;268.00;338.00;0.00
2022-03-25 08:38:00 ;1.26;228.00;14.32;32.25;1002.42;0;0.00;0.00;266.95;2445.81;7.17;0.55;2.88;0.00;37.00;33.00;0.00;1.44;1.25;2.41;0.79;202.00;245.00;204.00
2022-03-25 08:39:00 ;1.68;323.00;14.46;32.25;1002.43;0;0.00;0.00;321.05;2463.54;9.15;0.43;2.88;0.00;31.00;33.00;0.00;1.06;0.99;2.33;0.76;217.00;253.00;339.00
2022-03-25 08:40:00 ;1.00;129.00;14.53;32.11;1002.42;0;0.00;0.00;327.05;2482.45;9.27;0.44;2.88;0.00;28.00;33.00;0.00;1.14;0.59;2.33;0.00;272.00;253.00;0.00
2022-03-25 08:41:00 ;2.18;3.00;14.78;32.58;1002.35;0;0.00;0.00;259.93;2499.35;7.26;0.33;2.88;0.00;24.00;33.00;0.00;1.52;0.14;1.81;0.00;28.00;342.00;0.00
2022-03-25 08:42:00 ;1.29;55.00;14.70;31.54;1002.35;0;0.00;0.00;297.50;2515.77;8.13;0.38;2.88;0.00;32.00;33.00;0.00;1.66;0.89;2.62;0.00;50.00;15.00;179.00
2022-03-25 08:43:00 ;0.00;235.00;14.71;32.49;1002.35;0;0.00;0.00;352.86;2536.35;9.63;0.28;2.88;0.00;22.00;33.00;0.00;0.43;1.01;2.62;0.00;32.00;15.00;0.00
2022-03-25 08:44:00 ;2.70;302.00;14.83;31.99;1002.39;0;0.00;0.00;394.36;2558.84;10.80;0.27;3.06;0.00;350.00;341.00;181.00;2.83;0.87;3.06;0.00;331.00;341.00;181.00
2022-03-25 08:45:00 ;1.33;233.00;14.77;31.61;1002.34;0;0.00;0.00;367.10;2582.08;10.29;0.33;3.50;0.00;296.00;300.00;181.00;2.06;1.23;3.50;0.00;298.00;300.00;181.00
2022-03-25 08:46:01 ;0.00;206.00;14.81;31.66;1002.34;0;0.00;0.00;361.17;2603.74;10.08;0.35;3.50;0.00;267.00;300.00;181.00;0.38;1.01;3.50;0.00;252.00;300.00;0.00
2022-03-25 08:47:00 ;1.12;298.00;15.06;31.31;1002.36;0;0.00;0.00;433.58;2628.25;12.09;0.35;3.50;0.00;274.00;300.00;181.00;1.67;0.92;2.81;0.00;230.00;234.00;0.00
2022-03-25 08:48:00 ;0.29;218.00;15.32;31.00;1002.43;0;0.00;0.00;383.92;2653.64;11.10;0.50;3.50;0.00;294.00;300.00;181.00;0.40;1.00;2.81;0.00;268.00;234.00;181.00
2022-03-25 08:49:00 ;0.63;268.00;15.36;31.49;1002.34;0;0.00;0.00;312.06;2674.26;8.67;0.53;3.50;0.00;305.00;300.00;181.00;0.49;1.15;2.76;0.00;301.00;308.00;181.00
2022-03-25 08:50:00 ;2.33;326.00;15.45;30.59;1002.42;0;0.00;0.00;305.08;2692.61;8.31;0.62;3.50;0.00;304.00;300.00;181.00;2.14;1.13;2.72;0.00;313.00;318.00;0.00
2022-03-25 08:51:00 ;0.88;85.00;15.19;30.85;1002.33;0;0.00;0.00;251.14;2709.29;6.63;0.66;3.50;0.00;303.00;300.00;181.00;0.86;0.67;3.40;0.00;303.00;313.00;181.00
2022-03-25 08:52:00 ;0.00;275.00;15.09;32.27;1002.43;0;0.00;0.00;225.64;2723.52;6.03;0.73;3.91;0.00;297.00;26.00;181.00;0.33;0.46;3.91;0.00;0.00;26.00;0.00
2022-03-25 08:53:01 ;0.77;69.00;15.17;32.00;1002.41;0;0.00;0.00;214.09;2736.84;5.40;0.68;3.91;0.00;298.00;26.00;181.00;1.09;0.74;3.91;0.00;24.00;26.00;0.00
2022-03-25 08:54:00 ;0.81;47.00;15.33;31.38;1002.41;0;0.00;0.00;194.72;2748.56;4.68;0.58;3.91;0.00;299.00;26.00;0.00;0.58;0.58;2.97;0.00;29.00;85.00;0.00
2022-03-25 08:55:00 ;0.96;46.00;15.32;30.58;1002.35;0;0.00;0.00;216.07;2760.91;5.55;0.52;3.91;0.00;316.00;26.00;0.00;1.11;0.85;2.39;0.00;6.00;49.00;0.00
2022-03-25 08:56:00 ;1.20;347.00;15.25;31.63;1002.35;0;0.00;0.00;238.60;2774.53;6.21;0.60;3.91;0.00;323.00;26.00;0.00;1.10;0.76;2.38;0.00;339.00;309.00;181.00
2022-03-25 08:57:00 ;1.36;267.00;15.22;31.27;1002.37;0;0.00;0.00;234.40;2788.82;6.03;0.65;3.91;0.00;330.00;26.00;0.00;1.35;0.61;1.83;0.00;308.00;289.00;181.00
2022-03-25 08:58:00 ;2.18;250.00;15.22;30.57;1002.39;0;0.00;0.00;259.94;2803.49;6.81;0.50;3.91;0.00;322.00;26.00;0.00;2.24;0.88;2.66;0.00;238.00;226.00;0.00
2022-03-25 08:59:00 ;0.98;55.00;15.22;31.00;1002.36;0;0.00;0.00;303.21;2820.29;8.19;0.44;3.91;0.00;321.00;26.00;0.00;0.82;0.92;2.66;0.00;235.00;226.00;0.00
2022-03-25 09:00:00 ;1.09;16.00;15.36;29.99;1002.33;0;0.00;0.00;325.65;2839.11;8.82;0.39;3.91;0.00;343.00;26.00;0.00;1.32;0.69;2.29;0.00;13.00;262.00;0.00
2022-03-25 09:01:00 ;0.77;300.00;15.52;30.61;1002.37;0;0.00;0.00;264.33;2857.66;6.93;0.44;3.91;0.00;350.00;26.00;0.00;0.86;0.91;2.22;0.00;29.00;45.00;0.00
2022-03-25 09:02:00 ;0.40;55.00;15.56;30.10;1002.43;0;0.00;0.00;231.34;2872.02;5.91;0.34;2.97;0.00;344.00;85.00;0.00;0.81;0.26;1.23;0.00;17.00;354.00;181.00
2022-03-25 09:03:00 ;0.26;125.00;15.56;30.38;1002.44;0;0.00;0.00;271.97;2886.96;7.02;0.31;2.66;0.00;339.00;226.00;0.00;0.08;0.13;1.20;0.00;101.00;140.00;181.00
2022-03-25 09:04:00 ;2.92;254.00;15.57;29.92;1002.38;0;0.00;0.00;372.51;2906.59;10.08;0.32;2.96;0.00;306.00;253.00;181.00;2.62;0.58;2.96;0.00;250.00;253.00;179.00
2022-03-25 09:05:00 ;1.00;273.00;15.33;30.36;1002.33;0;0.00;0.00;395.79;2929.31;11.04;0.41;3.79;0.00;297.00;292.00;181.00;1.12;1.22;3.79;0.00;285.00;292.00;0.00
2022-03-25 09:06:00 ;0.82;359.00;15.28;30.05;1002.34;0;0.00;0.00;416.69;2953.86;11.67;0.36;3.79;0.00;316.00;292.00;0.00;0.96;1.08;3.79;0.00;347.00;292.00;0.00
2022-03-25 09:07:00 ;2.06;70.00;15.39;30.59;1002.39;0;0.00;0.00;381.80;2977.18;10.44;0.31;3.79;0.00;325.00;292.00;0.00;1.83;0.83;2.66;0.00;32.00;37.00;0.00
2022-03-25 09:08:00 ;1.38;221.00;15.52;31.20;1002.41;0;0.00;0.00;382.86;2999.23;10.71;0.49;3.79;0.00;342.00;292.00;0.00;1.98;0.63;2.91;0.00;336.00;318.00;0.00
2022-03-25 09:09:00 ;2.65;254.00;15.61;30.84;1002.33;0;0.00;0.00;461.12;3023.96;13.05;0.45;3.79;0.00;338.00;292.00;0.00;2.40;0.78;2.91;0.00;293.00;318.00;0.00
2022-03-25 09:10:00 ;0.00;155.00;15.42;30.14;1002.36;0;0.00;0.00;460.43;3050.83;12.96;0.40;3.79;0.00;300.00;292.00;0.00;0.21;1.00;3.04;0.00;228.00;220.00;179.00
2022-03-25 09:11:00 ;0.91;263.00;15.67;30.94;1002.37;0;0.00;0.00;537.81;3080.28;15.33;0.41;3.79;0.00;283.00;292.00;0.00;1.17;1.05;3.04;0.00;219.00;220.00;179.00
2022-03-25 09:12:00 ;1.43;208.00;15.77;30.24;1002.42;0;0.00;0.00;539.92;3112.49;15.42;0.58;3.79;0.00;272.00;292.00;0.00;2.49;1.29;3.56;0.00;240.00;285.00;179.00
2022-03-25 09:13:00 ;1.96;231.00;15.63;30.38;1002.35;0;0.00;0.00;546.41;3145.08;15.48;0.66;3.79;0.00;258.00;292.00;0.00;2.57;1.62;3.56;1.04;224.00;285.00;171.00
2022-03-25 09:14:00 ;0.44;12.00;15.81;31.26;1002.44;0;0.00;0.00;550.70;3177.98;15.54;0.61;3.79;0.00;258.00;292.00;181.00;0.48;1.11;2.92;0.00;214.00;221.00;181.00
2022-03-25 09:15:00 ;0.44;57.00;16.07;29.22;1002.44;0;0.00;0.00;554.26;3211.08;15.60;0.54;3.56;0.00;254.00;285.00;181.00;0.83;0.60;2.15;0.00;295.00;302.00;181.00
2022-03-25 09:16:00 ;0.73;340.00;16.07;29.22;1002.40;0;0.00;0.00;552.43;3244.82;15.57;0.56;3.56;0.00;254.00;285.00;181.00;0.24;0.89;2.51;0.00;1.00;37.00;0.00
2022-03-25 09:17:00 ;0.00;162.00;16.26;29.39;1002.41;0;0.00;0.00;554.42;3277.47;15.60;0.60;3.56;0.00;253.00;285.00;181.00;0.35;0.54;2.51;0.00;17.00;37.00;0.00
2022-03-25 09:18:00 ;1.17;298.00;16.46;29.99;1002.39;0;0.00;0.00;558.17;3311.35;15.63;0.56;3.56;0.00;243.00;285.00;181.00;1.70;0.09;1.92;0.00;335.00;285.00;0.00
2022-03-25 09:19:00 ;1.94;309.00;16.53;28.85;1002.51;0;0.00;0.00;561.99;3344.42;15.63;0.55;3.56;0.00;254.00;285.00;181.00;2.27;0.67;3.32;0.00;314.00;320.00;0.00
2022-03-25 09:20:00 ;2.82;333.00;16.47;29.09;1002.47;0;0.00;0.00;559.37;3378.05;15.69;0.53;3.56;0.00;280.00;285.00;181.00;2.42;1.39;3.32;0.00;319.00;320.00;0.00
2022-03-25 09:21:00 ;0.22;289.00;16.29;29.67;1002.45;0;0.00;0.00;549.68;3411.29;15.63;0.64;3.56;0.00;289.00;285.00;181.00;0.54;1.43;3.24;0.00;314.00;315.00;0.00
2022-03-25 09:22:00 ;1.09;300.00;16.22;29.48;1002.44;0;0.00;0.00;542.99;3444.08;15.54;0.73;3.77;0.00;304.00;313.00;181.00;1.54;1.78;3.77;0.00;302.00;313.00;0.00
2022-03-25 09:23:00 ;0.46;27.00;16.15;29.46;1002.41;0;0.00;0.00;527.45;3476.40;15.15;0.80;3.77;0.00;317.00;313.00;181.00;0.53;1.11;3.77;0.00;308.00;313.00;0.00
2022-03-25 09:24:00 ;0.00;27.00;16.37;29.40;1002.39;0;0.00;0.00;438.92;3506.30;12.33;0.77;3.77;0.00;322.00;313.00;0.00;0.00;0.10;0.95;0.00;27.00;313.00;0.00
2022-03-25 09:25:00 ;2.78;40.00;16.50;29.10;1002.39;0;0.00;0.00;353.65;3529.14;9.69;0.73;3.77;0.00;327.00;313.00;0.00;2.87;0.49;3.13;0.00;29.00;26.00;0.00
2022-03-25 09:26:00 ;1.49;263.00;16.26;29.34;1002.49;0;0.00;0.00;318.48;3549.49;8.46;0.85;3.77;0.00;322.00;313.00;0.00;2.97;1.18;3.69;0.00;350.00;313.00;0.00
2022-03-25 09:27:00 ;0.70;204.00;16.08;30.32;1002.38;0;0.00;0.00;299.48;3568.03;7.92;0.90;3.77;0.00;318.00;313.00;0.00;0.73;1.15;3.69;0.00;310.00;313.00;0.00
2022-03-25 09:28:00 ;1.33;302.00;16.09;30.53;1002.46;0;0.00;0.00;290.77;3585.87;7.68;0.89;3.77;0.00;318.00;313.00;0.00;1.43;0.42;2.16;0.00;279.00;269.00;0.00
2022-03-25 09:29:00 ;2.44;298.00;16.14;29.16;1002.41;0;0.00;0.00;304.49;3603.52;7.83;0.88;3.77;0.00;319.00;313.00;0.00;1.47;0.58;2.43;0.00;328.00;334.00;0.00
2022-03-25 09:30:00 ;1.48;271.00;15.70;29.85;1002.37;0;0.00;0.00;248.37;3620.17;6.15;0.89;3.77;0.00;308.00;313.00;0.00;2.10;1.49;3.10;0.00;290.00;291.00;0.00
2022-03-25 09:31:00 ;0.00;351.00;15.46;30.92;1002.36;0;0.00;0.00;251.78;3636.02;6.57;0.88;3.78;0.00;311.00;280.00;0.00;0.54;1.60;3.78;0.00;290.00;280.00;0.00
2022-03-25 09:32:00 ;0.83;280.00;15.59;31.05;1002.45;0;0.00;0.00;215.73;3649.93;5.31;0.74;3.78;0.00;314.00;280.00;0.00;0.67;0.99;3.78;0.00;316.00;280.00;0.00
2022-03-25 09:33:00 ;1.50;194.00;15.56;31.05;1002.35;0;0.00;0.00;223.40;3662.85;5.40;0.75;3.78;0.00;302.00;280.00;0.00;1.61;0.80;2.37;0.00;252.00;224.00;0.00
2022-03-25 09:34:00 ;2.16;262.00;15.29;31.18;1002.35;0;0.00;0.00;238.20;3676.30;5.91;0.82;3.78;0.00;292.00;280.00;0.00;2.21;1.45;2.95;0.46;231.00;219.00;245.00
2022-03-25 09:35:00 ;0.41;302.00;15.38;31.52;1002.33;0;0.00;0.00;270.96;3690.87;6.84;0.95;3.78;0.00;283.00;280.00;0.00;0.92;1.26;2.95;0.44;249.00;219.00;271.00
2022-03-25 09:36:00 ;1.14;287.00;15.39;31.27;1002.39;0;0.00;0.00;261.07;3706.41;6.36;0.97;3.78;0.00;279.00;280.00;0.00;2.03;1.25;2.69;0.16;287.00;288.00;311.00
2022-03-25 09:37:00 ;1.94;297.00;15.19;31.40;1002.41;0;0.00;0.00;228.49;3720.37;5.61;0.95;3.78;0.00;276.00;280.00;181.00;2.07;1.01;2.69;0.00;279.00;288.00;181.00
2022-03-25 09:38:00 ;0.00;295.00;15.18;31.74;1002.32;0;0.00;0.00;238.28;3734.27;5.85;1.05;3.78;0.00;277.00;280.00;181.00;0.62;0.81;2.33;0.00;269.00;284.00;181.00
2022-03-25 09:39:00 ;0.00;148.00;15.32;31.47;1002.37;0;0.00;0.00;268.14;3749.89;6.84;0.97;3.78;0.00;270.00;280.00;181.00;0.16;0.43;2.16;0.00;271.00;297.00;181.00
2022-03-25 09:40:01 ;0.00;295.00;15.36;31.67;1002.29;0;0.00;0.00;278.19;3766.62;7.20;0.84;3.78;0.00;269.00;280.00;181.00;0.09;0.50;1.89;0.00;240.00;266.00;181.00
2022-03-25 09:41:00 ;2.23;217.00;15.38;31.14;1002.34;0;0.00;0.00;290.74;3783.79;7.47;0.94;4.55;0.00;254.00;240.00;181.00;2.89;1.39;4.55;0.00;239.00;240.00;181.00
2022-03-25 09:42:00 ;2.19;264.00;14.99;31.83;1002.30;0;0.00;0.00;272.15;3800.59;7.08;1.12;4.55;0.00;246.00;240.00;181.00;2.27;2.13;4.55;0.00;228.00;240.00;0.00
2022-03-25 09:43:00 ;2.68;308.00;15.12;32.34;1002.25;0;0.00;0.00;256.60;3816.80;6.66;1.14;4.55;0.00;252.00;240.00;181.00;3.04;1.80;3.83;0.43;246.00;220.00;266.00
2022-03-25 09:44:00 ;1.05;247.00;15.31;32.14;1002.28;0;0.00;0.00;319.37;3834.19;8.52;1.04;4.55;0.00;258.00;240.00;0.00;0.99;1.09;3.42;0.00;281.00;269.00;0.00
2022-03-25 09:45:01 ;0.49;12.00;15.49;31.85;1002.25;0;0.00;0.00;341.75;3854.94;9.09;0.92;4.55;0.00;257.00;240.00;0.00;0.25;0.34;2.63;0.00;317.00;334.00;0.00
2022-03-25 09:46:00 ;1.72;4.00;15.69;31.18;1002.27;0;0.00;0.00;247.17;3872.76;6.15;0.80;4.55;0.00;259.00;240.00;0.00;1.86;0.72;2.27;0.00;355.00;344.00;181.00
2022-03-25 09:47:00 ;0.71;324.00;15.63;31.01;1002.26;0;0.00;0.00;223.64;3886.42;5.46;0.69;4.55;0.00;269.00;240.00;0.00;0.97;1.11;2.27;0.00;1.00;344.00;0.00
2022-03-25 09:48:00 ;0.00;298.00;15.45;31.01;1002.21;0;0.00;0.00;326.71;3901.69;8.49;0.68;4.55;0.00;266.00;240.00;0.00;0.00;0.58;2.05;0.00;336.00;353.00;0.00
2022-03-25 09:49:00 ;0.00;329.00;15.73;31.56;1002.21;0;0.00;0.00;428.95;3923.12;12.00;0.71;4.55;0.00;274.00;240.00;0.00;0.35;0.59;1.85;0.00;304.00;243.00;0.00
2022-03-25 09:50:00 ;1.09;51.00;16.04;31.69;1002.20;0;0.00;0.00;429.66;3950.08;12.03;0.56;4.55;0.00;280.00;240.00;0.00;0.94;0.50;2.27;0.00;19.00;66.00;0.00
2022-03-25 09:51:00 ;3.59;34.00;16.14;30.53;1002.20;0;0.00;0.00;482.24;3978.87;13.74;0.59;4.96;0.00;333.00;34.00;0.00;3.16;1.93;4.96;0.00;30.00;34.00;0.00
2022-03-25 09:52:00 ;2.17;43.00;15.87;30.59;1002.26;0;0.00;0.00;439.97;4006.59;11.97;0.92;4.96;0.00;2.00;34.00;0.00;2.10;3.02;4.96;1.09;28.00;34.00;50.00
2022-03-25 09:53:00 ;1.03;17.00;15.81;31.36;1002.22;0;0.00;0.00;509.91;4034.72;14.19;1.04;4.96;0.00;13.00;34.00;0.00;0.65;1.96;4.75;0.00;29.00;39.00;0.00
2022-03-25 09:54:01 ;2.52;18.00;16.11;31.16;1002.22;0;0.00;0.00;538.39;4066.96;15.15;1.14;4.96;0.00;17.00;34.00;181.00;2.20;1.10;2.48;0.00;19.00;18.00;0.00
2022-03-25 09:55:00 ;0.81;54.00;16.14;30.72;1002.26;0;0.00;0.00;555.26;4099.25;15.66;1.25;4.96;0.00;14.00;34.00;0.00;1.07;1.28;2.95;0.28;4.00;8.00;36.00
2022-03-25 09:56:00 ;0.72;309.00;16.24;30.40;1002.32;0;0.00;0.00;560.63;4132.86;15.81;1.20;4.96;0.00;16.00;34.00;0.00;0.27;1.05;2.95;0.00;0.00;8.00;0.00
2022-03-25 09:57:00 ;0.98;303.00;16.66;31.59;1002.26;0;0.00;0.00;565.90;4166.54;15.90;1.11;4.96;0.00;15.00;34.00;0.00;1.21;0.38;2.00;0.00;353.00;312.00;0.00
2022-03-25 09:58:00 ;1.58;314.00;16.91;30.68;1002.23;0;0.00;0.00;567.56;4200.60;15.90;1.15;4.96;0.00;13.00;34.00;0.00;1.76;0.71;2.31;0.00;300.00;302.00;179.00
2022-03-25 09:59:00 ;2.05;248.00;16.92;30.00;1002.33;0;0.00;0.00;566.03;4234.64;15.84;1.12;4.96;0.00;4.00;34.00;0.00;2.69;1.62;3.30;0.00;291.00;304.00;179.00
2022-03-25 10:00:00 ;1.52;269.00;16.87;29.36;1002.29;0;0.00;0.00;565.64;4268.58;15.87;0.97;4.96;0.00;358.00;34.00;0.00;2.07;1.43;3.30;0.00;260.00;304.00;181.00
2022-03-25 10:01:00 ;0.76;300.00;16.73;29.98;1002.18;0;0.00;0.00;562.27;4303.02;15.87;0.73;4.75;0.00;338.00;39.00;0.00;0.34;1.05;3.48;0.00;237.00;240.00;181.00
2022-03-25 10:02:00 ;2.14;250.00;16.74;30.03;1002.20;0;0.00;0.00;566.21;4336.92;15.90;0.74;3.78;0.00;310.00;320.00;0.00;3.06;1.22;3.78;0.00;280.00;320.00;0.00
2022-03-25 10:03:00 ;1.10;289.00;16.77;30.39;1002.23;0;0.00;0.00;565.48;4370.87;15.84;0.86;3.78;0.00;295.00;320.00;0.00;1.81;1.56;3.78;0.00;276.00;320.00;181.00
2022-03-25 10:04:00 ;1.65;267.00;16.67;29.69;1002.22;0;0.00;0.00;566.83;4404.26;15.90;1.02;4.14;0.00;283.00;253.00;0.00;2.03;1.81;4.14;0.78;261.00;253.00;191.00
2022-03-25 10:05:00 ;2.52;229.00;16.60;30.07;1002.18;0;0.00;0.00;571.75;4438.37;15.96;1.18;4.14;0.00;277.00;253.00;0.00;2.32;1.88;4.14;0.78;274.00;253.00;191.00
2022-03-25 10:06:01 ;2.08;245.00;16.45;30.39;1002.17;0;0.00;0.00;577.58;4473.55;16.11;1.29;4.14;0.00;267.00;253.00;0.00;2.56;1.50;3.57;0.87;254.00;318.00;215.00
2022-03-25 10:07:00 ;1.83;189.00;16.37;30.83;1002.10;0;0.00;0.00;579.33;4508.40;15.96;1.39;4.14;0.00;263.00;253.00;179.00;1.84;1.58;3.89;0.52;223.00;230.00;253.00
2022-03-25 10:08:00 ;1.49;201.00;16.60;29.79;1002.16;0;0.00;0.00;569.00;4542.62;15.75;1.39;4.14;0.00;253.00;253.00;181.00;1.41;1.56;3.89;0.52;211.00;230.00;253.00
2022-03-25 10:09:00 ;2.21;259.00;16.64;30.40;1002.15;0;0.00;0.00;571.13;4576.54;15.87;1.33;4.14;0.00;246.00;253.00;181.00;1.54;1.45;3.36;0.00;206.00;189.00;181.00
2022-03-25 10:10:00 ;1.76;229.00;16.73;30.42;1002.03;0;0.00;0.00;578.92;4611.06;15.93;1.37;4.14;0.00;251.00;253.00;181.00;1.97;1.33;3.74;0.00;248.00;256.00;181.00
2022-03-25 10:11:00 ;1.65;213.00;16.73;29.78;1002.14;0;0.00;0.00;523.59;4643.80;14.22;1.43;4.14;0.00;246.00;253.00;181.00;1.94;1.57;3.74;0.62;243.00;256.00;260.00
2022-03-25 10:12:00 ;1.89;213.00;16.45;30.74;1002.04;0;0.00;0.00;385.53;4671.54;10.47;1.44;4.14;0.00;237.00;253.00;181.00;1.76;1.62;2.84;0.62;207.00;215.00;260.00
2022-03-25 10:13:00 ;0.49;221.00;16.45;30.70;1002.07;0;0.00;0.00;366.93;4693.57;9.09;1.43;4.14;0.00;233.00;253.00;181.00;0.94;1.46;2.78;0.00;208.00;204.00;181.00
2022-03-25 10:14:00 ;1.70;265.00;16.46;30.92;1002.11;0;0.00;0.00;203.95;4708.94;4.86;1.39;3.89;0.00;226.00;230.00;181.00;1.24;1.37;3.12;0.00;215.00;188.00;181.00
2022-03-25 10:15:00 ;1.87;225.00;16.53;31.06;1002.18;0;0.00;0.00;220.15;4722.54;5.22;1.46;3.89;0.00;219.00;230.00;181.00;1.91;1.46;3.12;0.78;215.00;188.00;205.00
2022-03-25 10:16:00 ;1.16;151.00;16.33;31.11;1002.03;0;0.00;0.00;330.46;4737.85;8.49;1.43;3.89;0.00;219.00;230.00;181.00;1.25;1.53;2.98;0.00;216.00;219.00;181.00
2022-03-25 10:17:00 ;1.63;156.00;16.25;30.60;1002.04;0;0.00;0.00;277.70;4753.99;7.26;1.45;3.74;0.00;215.00;256.00;181.00;1.67;1.57;3.34;0.00;201.00;215.00;181.00
2022-03-25 10:18:00 ;1.05;212.00;16.28;31.31;1002.11;0;0.00;0.00;312.93;4772.02;8.13;1.41;3.74;0.00;215.00;256.00;181.00;1.00;1.53;3.34;0.81;197.00;215.00;186.00
2022-03-25 10:19:00 ;1.50;243.00;16.32;30.37;1001.96;0;0.00;0.00;292.54;4789.99;7.56;1.46;3.74;0.00;214.00;256.00;181.00;2.05;1.51;3.00;0.81;204.00;213.00;186.00
2022-03-25 10:20:00 ;0.22;229.00;16.32;30.87;1002.14;0;0.00;0.00;238.79;4804.36;5.91;1.47;3.34;0.00;212.00;215.00;181.00;1.24;1.44;3.00;0.00;226.00;213.00;0.00
2022-03-25 10:21:00 ;0.49;275.00;16.32;30.92;1002.12;0;0.00;0.00;255.66;4819.14;6.39;1.42;3.34;0.00;213.00;215.00;181.00;1.26;1.28;2.47;0.00;239.00;226.00;0.00
2022-03-25 10:22:00 ;0.98;191.00;16.36;30.70;1002.09;0;0.00;0.00;260.12;4834.66;6.63;1.32;3.34;0.00;216.00;215.00;181.00;0.94;0.87;2.47;0.00;232.00;226.00;181.00
2022-03-25 10:23:00 ;0.00;117.00;16.42;30.34;1002.08;0;0.00;0.00;269.53;4850.41;6.93;1.20;3.34;0.00;213.00;215.00;181.00;0.00;0.37;1.58;0.00;208.00;193.00;181.00
2022-03-25 10:24:00 ;0.69;208.00;16.59;30.21;1002.07;0;0.00;0.00;291.46;4867.76;7.53;1.11;3.34;0.00;216.00;215.00;0.00;0.75;0.32;1.58;0.00;213.00;193.00;0.00
2022-03-25 10:25:00 ;1.55;209.00;16.62;31.10;1002.04;0;0.00;0.00;248.58;4883.67;6.75;1.03;3.34;0.00;212.00;215.00;0.00;1.63;0.61;1.68;0.00;208.00;199.00;0.00
2022-03-25 10:26:00 ;2.49;216.00;16.69;30.42;1002.14;0;0.00;0.00;260.66;4899.81;6.78;1.04;3.34;0.00;213.00;215.00;0.00;2.14;1.20;2.81;0.00;204.00;218.00;181.00
2022-03-25 10:27:00 ;1.06;190.00;16.55;30.39;1002.14;0;0.00;0.00;325.76;4918.69;8.61;1.04;3.00;0.00;214.00;213.00;0.00;1.35;1.60;2.81;0.67;208.00;218.00;213.00
2022-03-25 10:28:01 ;0.83;169.00;16.46;31.20;1002.08;0;0.00;0.00;332.65;4938.90;8.85;0.98;3.00;0.00;214.00;213.00;0.00;0.74;1.21;2.80;0.00;197.00;210.00;181.00
2022-03-25 10:29:00 ;0.00;138.00;16.74;30.86;1002.16;0;0.00;0.00;314.97;4958.02;8.34;0.83;2.81;0.00;213.00;218.00;0.00;0.00;0.57;1.56;0.00;172.00;181.00;181.00
2022-03-25 10:30:00 ;1.70;292.00;16.55;29.91;1002.09;0;0.00;0.00;344.61;4978.64;9.18;0.73;2.91;0.00;222.00;313.00;0.00;1.96;0.79;2.91;0.00;298.00;313.00;179.00
